0,1,413,267
0,2,500,272
0,3,459,316
0,4,433,361
1,1,413,267
1,2,500,272
1,3,459,316
1,4,433,361
2,1,413,267
2,2,500,272
2,3,459,316
2,4,433,361
3,1,413,267
3,2,500,272
3,3,459,316
3,4,433,361
4,1,413,267
4,2,500,272
4,3,459,316
4,4,433,361
5,1,413,267
5,2,500,272
5,3,459,316
5,4,433,361
6,1,413,267
6,2,500,272
6,3,459,316
6,4,433,361
7,1,413,267
7,2,500,272
7,3,459,316
7,4,433,361
8,1,413,267
8,2,500,272
8,3,459,316
8,4,433,361
9,1,418,267
9,2,503,274
9,3,461,317
9,4,434,358
10,1,418,267
10,2,502,276
10,3,459,322
10,4,432,353
11,1,418,267
11,2,502,276
11,3,458,319
11,4,432,354
12,1,418,267
12,2,502,276
12,3,457,320
12,4,432,355
13,1,418,268
13,2,502,277
13,3,454,322
13,4,430,356
14,1,419,267
14,2,503,277
14,3,455,322
14,4,432,355
15,1,419,267
15,2,503,277
15,3,455,321
15,4,432,356
16,1,419,267
16,2,504,277
16,3,455,321
16,4,434,355
17,1,419,267
17,2,504,277
17,3,455,322
17,4,431,356
18,1,419,267
18,2,503,277
18,3,454,322
18,4,432,357
19,1,419,268
19,2,499,277
19,3,453,323
19,4,433,358
20,1,418,270
20,2,498,278
20,3,453,323
20,4,434,358
21,1,406,268
21,2,499,282
21,3,452,325
21,4,431,357
22,1,403,268
22,2,497,282
22,3,449,328
22,4,423,360
23,1,402,269
23,2,495,282
23,3,447,329
23,4,423,359
24,1,402,270
24,2,494,282
24,3,446,330
24,4,423,362
25,1,401,271
25,2,494,283
25,3,446,330
25,4,422,361
26,1,401,272
26,2,492,282
26,3,442,330
26,4,423,363
27,1,400,272
27,2,492,282
27,3,442,330
27,4,423,363
28,1,400,272
28,2,492,282
28,3,441,329
28,4,424,363
29,1,400,271
29,2,492,281
29,3,440,327
29,4,422,359
30,1,399,266
30,2,493,278
30,3,440,323
30,4,421,356
31,1,405,263
31,2,499,278
31,3,445,322
31,4,424,352
32,1,408,262
32,2,502,278
32,3,448,321
32,4,426,352
33,1,411,261
33,2,506,278
33,3,451,321
33,4,428,350
34,1,411,261
34,2,506,278
34,3,451,320
34,4,428,350
35,1,410,261
35,2,504,274
35,3,449,320
35,4,427,350
36,1,409,261
36,2,503,274
36,3,449,321
36,4,425,350
37,1,409,261
37,2,502,274
37,3,448,321
37,4,426,350
38,1,408,261
38,2,497,279
38,3,447,321
38,4,425,350
39,1,406,261
39,2,495,279
39,3,446,321
39,4,425,350
40,1,404,262
40,2,497,279
40,3,443,322
40,4,423,352
41,1,402,263
41,2,499,276
41,3,442,322
41,4,422,353
42,1,402,264
42,2,497,278
42,3,441,323
42,4,422,354
43,1,402,264
43,2,497,278
43,3,442,323
43,4,422,353
44,1,402,264
44,2,497,278
44,3,442,323
44,4,420,355
45,1,402,264
45,2,497,278
45,3,442,323
45,4,420,353
46,1,402,264
46,2,497,278
46,3,442,323
46,4,420,355
47,1,401,264
47,2,495,278
47,3,441,324
47,4,420,355
48,1,401,264
48,2,495,278
48,3,441,324
48,4,419,356
49,1,401,264
49,2,495,278
49,3,441,324
49,4,420,355
50,1,401,264
50,2,495,278
50,3,441,324
50,4,420,356
51,1,401,265
51,2,495,279
51,3,441,325
51,4,419,355
52,1,399,266
52,2,493,280
52,3,439,326
52,4,421,358
53,1,396,267
53,2,489,280
53,3,436,326
53,4,416,356
54,1,394,268
54,2,486,280
54,3,433,327
54,4,414,357
55,1,393,269
55,2,485,280
55,3,432,327
55,4,413,358
56,1,391,270
56,2,483,280
56,3,430,328
56,4,413,360
57,1,389,272
57,2,483,280
57,3,427,328
57,4,411,360
58,1,408,277
58,2,478,283
58,3,425,328
58,4,408,361
59,1,386,279
59,2,469,281
59,3,427,327
59,4,407,365
60,1,385,278
60,2,468,280
60,3,424,327
60,4,406,364
61,1,385,277
61,2,467,281
61,3,423,329
61,4,404,360
62,1,385,276
62,2,468,283
62,3,423,329
62,4,403,358
63,1,386,276
63,2,468,284
63,3,422,329
63,4,404,359
64,1,389,287
64,2,472,295
64,3,426,339
64,4,409,367
65,1,388,283
65,2,469,286
65,3,425,337
65,4,406,366
66,1,386,275
66,2,471,281
66,3,424,330
66,4,405,360
67,1,386,271
67,2,471,278
67,3,422,324
67,4,403,353
68,1,385,271
68,2,469,280
68,3,422,324
68,4,401,354
69,1,384,272
69,2,466,279
69,3,421,324
69,4,401,353
70,1,384,272
70,2,466,279
70,3,421,324
70,4,402,355
71,1,384,272
71,2,467,279
71,3,421,324
71,4,404,356
72,1,384,271
72,2,468,278
72,3,421,323
72,4,401,353
73,1,384,270
73,2,472,276
73,3,423,322
73,4,403,354
74,1,385,266
74,2,473,273
74,3,423,316
74,4,401,345
75,1,387,264
75,2,473,271
75,3,422,312
75,4,402,344
76,1,385,261
76,2,471,268
76,3,424,310
76,4,403,341
77,1,385,261
77,2,470,268
77,3,423,312
77,4,401,342
78,1,385,261
78,2,470,268
78,3,423,312
78,4,404,341
79,1,385,261
79,2,469,269
79,3,424,312
79,4,403,342
80,1,390,263
80,2,469,270
80,3,424,312
80,4,403,341
81,1,384,261
81,2,468,269
81,3,425,310
81,4,403,341
82,1,383,261
82,2,468,269
82,3,423,312
82,4,403,341
83,1,383,261
83,2,468,269
83,3,424,312
83,4,402,343
84,1,383,261
84,2,468,269
84,3,424,312
84,4,402,343
85,1,383,261
85,2,467,271
85,3,424,312
85,4,400,342
86,1,383,261
86,2,467,271
86,3,423,311
86,4,400,342
87,1,383,261
87,2,467,271
87,3,423,311
87,4,402,343
88,1,383,261
88,2,471,267
88,3,423,313
88,4,401,344
89,1,383,261
89,2,471,267
89,3,424,317
89,4,402,344
90,1,383,261
90,2,471,267
90,3,423,315
90,4,402,344
91,1,383,261
91,2,471,267
91,3,422,313
91,4,402,344
92,1,383,261
92,2,470,270
92,3,421,317
92,4,401,343
93,1,384,261
93,2,470,270
93,3,421,317
93,4,401,344
94,1,384,261
94,2,470,270
94,3,421,317
94,4,403,344
95,1,384,261
95,2,470,270
95,3,422,318
95,4,403,344
96,1,384,261
96,2,470,271
96,3,421,318
96,4,403,344
97,1,384,262
97,2,468,273
97,3,421,319
97,4,402,343
98,1,384,262
98,2,472,270
98,3,421,319
98,4,402,343
99,1,384,262
99,2,469,272
99,3,422,312
99,4,401,346
100,1,384,262
100,2,469,272
100,3,422,312
100,4,401,346
101,1,384,262
101,2,469,272
101,3,422,313
101,4,403,346
102,1,384,262
102,2,469,272
102,3,419,317
102,4,403,346
103,1,384,262
103,2,469,273
103,3,419,317
103,4,403,345
104,1,383,262
104,2,469,273
104,3,419,317
104,4,403,346
105,1,383,262
105,2,469,273
105,3,418,316
105,4,401,345
106,1,383,262
106,2,469,273
106,3,418,316
106,4,401,346
107,1,383,262
107,2,471,273
107,3,418,316
107,4,403,345
108,1,383,262
108,2,470,272
108,3,418,316
108,4,402,347
109,1,383,262
109,2,469,271
109,3,418,316
109,4,400,346
110,1,383,262
110,2,469,271
110,3,418,317
110,4,401,346
111,1,383,262
111,2,469,271
111,3,418,317
111,4,401,346
112,1,383,262
112,2,469,271
112,3,418,317
112,4,400,347
113,1,382,262
113,2,469,271
113,3,417,317
113,4,400,346
114,1,382,262
114,2,468,271
114,3,417,317
114,4,399,347
115,1,382,262
115,2,470,271
115,3,417,317
115,4,400,349
116,1,382,262
116,2,470,271
116,3,417,317
116,4,400,348
117,1,382,262
117,2,467,274
117,3,417,317
117,4,402,347
118,1,383,263
118,2,468,275
118,3,417,318
118,4,402,347
119,1,383,263
119,2,468,275
119,3,417,318
119,4,401,348
120,1,384,263
120,2,469,276
120,3,418,318
120,4,401,347
121,1,384,263
121,2,470,276
121,3,419,319
121,4,401,348
122,1,384,263
122,2,470,276
122,3,419,319
122,4,401,347
123,1,384,263
123,2,470,276
123,3,419,319
123,4,400,350
124,1,385,264
124,2,471,277
124,3,420,319
124,4,401,349
125,1,384,263
125,2,470,276
125,3,420,319
125,4,401,350
126,1,385,263
126,2,471,276
126,3,420,319
126,4,401,348
127,1,385,263
127,2,471,276
127,3,420,319
127,4,403,348
128,1,385,263
128,2,473,276
128,3,420,319
128,4,403,348
129,1,385,263
129,2,473,276
129,3,420,319
129,4,402,347
130,1,385,263
130,2,473,276
130,3,420,319
130,4,401,347
131,1,385,263
131,2,473,276
131,3,420,318
131,4,401,347
132,1,385,263
132,2,473,276
132,3,420,318
132,4,400,347
133,1,385,263
133,2,473,276
133,3,420,318
133,4,399,347
134,1,385,263
134,2,473,276
134,3,420,318
134,4,400,347
135,1,386,263
135,2,473,276
135,3,420,318
135,4,402,348
136,1,386,263
136,2,473,276
136,3,420,318
136,4,402,348
137,1,386,263
137,2,473,276
137,3,420,318
137,4,402,348
138,1,386,263
138,2,473,276
138,3,420,318
138,4,402,348
139,1,386,263
139,2,473,276
139,3,420,318
139,4,403,347
140,1,386,263
140,2,473,276
140,3,420,318
140,4,402,349
141,1,386,263
141,2,473,276
141,3,420,318
141,4,401,347
142,1,386,263
142,2,472,275
142,3,420,318
142,4,402,347
143,1,386,263
143,2,472,275
143,3,420,318
143,4,402,347
144,1,386,263
144,2,472,275
144,3,420,318
144,4,403,348
145,1,386,263
145,2,472,275
145,3,420,318
145,4,401,346
146,1,386,263
146,2,472,275
146,3,420,318
146,4,403,347
147,1,390,265
147,2,474,277
147,3,420,318
147,4,404,348
148,1,386,263
148,2,473,276
148,3,420,318
148,4,403,346
149,1,385,263
149,2,472,275
149,3,420,318
149,4,403,347
150,1,385,263
150,2,472,275
150,3,420,318
150,4,403,347
151,1,385,263
151,2,472,275
151,3,420,318
151,4,403,347
152,1,385,263
152,2,471,272
152,3,420,318
152,4,403,347
153,1,385,263
153,2,471,272
153,3,420,318
153,4,404,349
154,1,385,263
154,2,471,272
154,3,420,317
154,4,402,348
155,1,386,263
155,2,472,272
155,3,420,317
155,4,402,347
156,1,386,263
156,2,472,274
156,3,420,318
156,4,402,347
157,1,386,263
157,2,472,274
157,3,420,318
157,4,402,347
158,1,386,263
158,2,472,274
158,3,421,318
158,4,402,347
159,1,386,263
159,2,472,274
159,3,420,318
159,4,401,347
160,1,386,263
160,2,472,274
160,3,421,318
160,4,402,347
161,1,386,263
161,2,472,274
161,3,421,318
161,4,403,348
162,1,386,263
162,2,472,274
162,3,421,318
162,4,404,347
163,1,386,263
163,2,472,274
163,3,421,317
163,4,404,346
164,1,386,263
164,2,472,274
164,3,421,317
164,4,403,345
165,1,386,263
165,2,472,274
165,3,421,317
165,4,402,347
166,1,386,263
166,2,473,270
166,3,421,317
166,4,401,346
167,1,386,263
167,2,473,270
167,3,421,317
167,4,404,347
168,1,386,263
168,2,474,274
168,3,420,317
168,4,404,345
169,1,386,263
169,2,474,274
169,3,421,318
169,4,402,347
170,1,386,263
170,2,473,271
170,3,421,318
170,4,402,348
171,1,386,263
171,2,473,271
171,3,421,318
171,4,403,347
172,1,386,263
172,2,473,271
172,3,421,318
172,4,403,346
173,1,386,263
173,2,473,271
173,3,421,317
173,4,403,347
174,1,386,263
174,2,473,271
174,3,421,317
174,4,403,346
175,1,386,263
175,2,473,271
175,3,421,317
175,4,403,346
176,1,386,263
176,2,473,271
176,3,421,317
176,4,403,346
177,1,386,263
177,2,473,271
177,3,421,317
177,4,403,346
178,1,386,263
178,2,474,271
178,3,421,317
178,4,403,346
179,1,386,263
179,2,473,273
179,3,421,318
179,4,403,346
180,1,386,263
180,2,473,273
180,3,421,318
180,4,403,346
181,1,386,263
181,2,472,274
181,3,421,318
181,4,403,346
182,1,386,263
182,2,472,274
182,3,421,318
182,4,403,346
183,1,386,263
183,2,470,274
183,3,421,317
183,4,403,346
184,1,386,263
184,2,475,273
184,3,421,318
184,4,403,346
185,1,386,263
185,2,473,275
185,3,421,318
185,4,402,346
186,1,386,263
186,2,473,275
186,3,421,318
186,4,402,346
187,1,386,263
187,2,473,275
187,3,421,318
187,4,402,346
188,1,386,263
188,2,468,274
188,3,421,318
188,4,403,347
189,1,386,263
189,2,471,270
189,3,421,318
189,4,404,349
190,1,386,263
190,2,471,270
190,3,421,318
190,4,405,348
191,1,386,263
191,2,471,270
191,3,421,318
191,4,404,347
192,1,386,263
192,2,471,270
192,3,422,317
192,4,404,348
193,1,386,263
193,2,471,270
193,3,420,319
193,4,405,347
194,1,386,263
194,2,474,273
194,3,420,319
194,4,405,348
195,1,386,263
195,2,474,273
195,3,420,319
195,4,403,347
196,1,386,263
196,2,473,273
196,3,420,319
196,4,403,346
197,1,386,263
197,2,472,272
197,3,420,319
197,4,403,345
198,1,386,263
198,2,472,272
198,3,420,319
198,4,404,347
199,1,386,263
199,2,472,272
199,3,420,319
199,4,402,346
200,1,386,263
200,2,474,274
200,3,420,319
200,4,402,344
201,1,386,263
201,2,474,274
201,3,420,319
201,4,402,346
202,1,386,263
202,2,474,274
202,3,420,319
202,4,401,346
203,1,386,263
203,2,474,274
203,3,420,319
203,4,402,346
204,1,386,263
204,2,474,274
204,3,420,319
204,4,403,344
205,1,386,263
205,2,474,274
205,3,420,319
205,4,403,346
206,1,387,263
206,2,473,274
206,3,420,319
206,4,403,346
207,1,386,263
207,2,473,274
207,3,419,319
207,4,403,346
208,1,384,263
208,2,471,273
208,3,419,319
208,4,402,347
209,1,384,263
209,2,471,273
209,3,419,320
209,4,401,348
210,1,384,263
210,2,471,273
210,3,419,319
210,4,403,348
211,1,384,263
211,2,471,273
211,3,419,320
211,4,403,348
212,1,384,263
212,2,471,273
212,3,419,320
212,4,403,348
213,1,384,263
213,2,471,273
213,3,419,320
213,4,403,348
214,1,384,263
214,2,471,273
214,3,419,320
214,4,404,348
215,1,386,264
215,2,475,275
215,3,419,320
215,4,403,347
216,1,386,264
216,2,475,275
216,3,419,320
216,4,401,347
217,1,386,264
217,2,475,275
217,3,419,320
217,4,401,347
218,1,386,264
218,2,475,275
218,3,419,320
218,4,402,347
219,1,386,264
219,2,475,275
219,3,419,319
219,4,402,347
220,1,386,264
220,2,475,275
220,3,419,320
220,4,401,347
221,1,386,264
221,2,475,275
221,3,419,320
221,4,402,347
222,1,386,264
222,2,475,275
222,3,419,320
222,4,400,347
223,1,385,264
223,2,474,274
223,3,419,320
223,4,400,347
224,1,384,263
224,2,473,273
224,3,419,320
224,4,400,347
225,1,383,263
225,2,473,273
225,3,423,316
225,4,399,347
226,1,383,263
226,2,473,273
226,3,423,316
226,4,401,348
227,1,383,263
227,2,473,273
227,3,424,316
227,4,403,348
228,1,383,263
228,2,473,273
228,3,421,318
228,4,404,348
229,1,383,263
229,2,473,273
229,3,421,318
229,4,404,348
230,1,383,263
230,2,473,273
230,3,421,318
230,4,404,348
231,1,383,263
231,2,473,273
231,3,421,318
231,4,404,348
232,1,383,263
232,2,473,273
232,3,421,318
232,4,404,348
233,1,383,263
233,2,473,273
233,3,421,318
233,4,404,348
234,1,383,263
234,2,475,274
234,3,421,318
234,4,403,348
235,1,383,263
235,2,475,274
235,3,421,318
235,4,402,347
236,1,383,263
236,2,480,271
236,3,421,318
236,4,400,348
237,1,383,263
237,2,479,271
237,3,421,318
237,4,402,345
238,1,383,263
238,2,477,273
238,3,421,318
238,4,402,348
239,1,383,263
239,2,477,273
239,3,421,318
239,4,402,348
240,1,383,263
240,2,477,273
240,3,421,318
240,4,402,348
241,1,383,263
241,2,477,273
241,3,421,318
241,4,402,348
242,1,383,263
242,2,477,273
242,3,421,318
242,4,402,348
243,1,383,263
243,2,474,275
243,3,421,318
243,4,402,348
244,1,383,263
244,2,474,275
244,3,421,318
244,4,402,348
245,1,383,263
245,2,474,275
245,3,421,318
245,4,402,348
246,1,383,263
246,2,474,275
246,3,421,318
246,4,402,348
247,1,383,263
247,2,475,276
247,3,421,318
247,4,402,348
248,1,383,263
248,2,475,276
248,3,421,318
248,4,402,348
249,1,383,263
249,2,475,276
249,3,421,318
249,4,402,347
250,1,383,263
250,2,476,276
250,3,421,318
250,4,401,348
251,1,385,264
251,2,475,277
251,3,421,318
251,4,403,347
252,1,385,264
252,2,475,277
252,3,421,318
252,4,403,347
253,1,385,264
253,2,475,277
253,3,421,318
253,4,403,347
254,1,389,267
254,2,472,273
254,3,426,313
254,4,403,351
255,1,389,267
255,2,469,271
255,3,426,313
255,4,403,349
256,1,389,267
256,2,472,272
256,3,426,313
256,4,405,348
257,1,389,267
257,2,471,274
257,3,426,313
257,4,405,347
258,1,389,267
258,2,476,271
258,3,426,313
258,4,403,349
259,1,390,266
259,2,473,272
259,3,428,312
259,4,403,351
260,1,390,266
260,2,470,275
260,3,426,317
260,4,404,348
261,1,390,266
261,2,472,274
261,3,426,317
261,4,404,346
262,1,390,266
262,2,470,271
262,3,426,316
262,4,404,347
263,1,390,266
263,2,470,271
263,3,426,316
263,4,404,347
264,1,390,266
264,2,470,271
264,3,426,316
264,4,404,347
265,1,390,266
265,2,470,271
265,3,426,316
265,4,404,347
266,1,390,266
266,2,470,271
266,3,426,316
266,4,404,347
267,1,390,266
267,2,472,271
267,3,426,312
267,4,403,350
268,1,390,266
268,2,469,273
268,3,426,312
268,4,404,346
269,1,387,265
269,2,469,271
269,3,426,312
269,4,403,345
270,1,385,264
270,2,474,270
270,3,426,312
270,4,405,348
271,1,385,264
271,2,474,270
271,3,426,312
271,4,405,348
272,1,385,264
272,2,474,270
272,3,426,312
272,4,405,348
273,1,385,264
273,2,474,270
273,3,426,312
273,4,405,348
274,1,385,264
274,2,474,270
274,3,426,312
274,4,405,348
275,1,385,264
275,2,474,270
275,3,426,312
275,4,405,348
276,1,385,264
276,2,474,270
276,3,426,312
276,4,405,348
277,1,385,264
277,2,474,270
277,3,426,312
277,4,405,348
278,1,385,264
278,2,474,270
278,3,426,312
278,4,405,348
279,1,385,264
279,2,474,270
279,3,426,312
279,4,405,348
280,1,385,264
280,2,474,270
280,3,426,312
280,4,405,348
281,1,385,264
281,2,474,270
281,3,426,312
281,4,405,348
282,1,385,264
282,2,474,270
282,3,426,312
282,4,405,348
283,1,385,264
283,2,474,270
283,3,426,312
283,4,405,348
284,1,385,264
284,2,474,270
284,3,426,312
284,4,405,348
285,1,385,264
285,2,474,270
285,3,426,312
285,4,405,348
286,1,390,267
286,2,473,273
286,3,425,313
286,4,401,349
287,1,390,267
287,2,471,272
287,3,425,313
287,4,402,349
288,1,390,267
288,2,471,272
288,3,425,313
288,4,402,349
289,1,390,267
289,2,469,272
289,3,425,317
289,4,404,349
290,1,390,267
290,2,469,272
290,3,425,318
290,4,403,349
291,1,390,267
291,2,469,273
291,3,425,318
291,4,404,349
292,1,390,267
292,2,469,272
292,3,424,317
292,4,402,348
293,1,390,267
293,2,469,271
293,3,423,316
293,4,402,348
294,1,390,267
294,2,469,271
294,3,424,317
294,4,402,348
295,1,390,267
295,2,471,272
295,3,423,318
295,4,402,348
296,1,390,267
296,2,471,272
296,3,423,318
296,4,402,348
297,1,387,266
297,2,468,269
297,3,423,318
297,4,400,348
298,1,385,265
298,2,470,272
298,3,423,318
298,4,401,346
299,1,385,265
299,2,470,272
299,3,424,316
299,4,401,347
300,1,385,265
300,2,474,270
300,3,424,316
300,4,402,349
301,1,385,265
301,2,474,270
301,3,425,316
301,4,399,349
302,1,385,265
302,2,474,270
302,3,425,318
302,4,402,349
303,1,393,266
303,2,478,271
303,3,425,318
303,4,401,347
304,1,393,266
304,2,471,270
304,3,425,318
304,4,403,349
305,1,393,266
305,2,471,270
305,3,424,317
305,4,405,349
306,1,393,266
306,2,470,271
306,3,424,317
306,4,406,349
307,1,393,266
307,2,470,271
307,3,424,317
307,4,404,349
308,1,393,266
308,2,470,271
308,3,424,317
308,4,405,349
309,1,393,266
309,2,470,271
309,3,424,317
309,4,406,348
310,1,393,266
310,2,470,271
310,3,424,317
310,4,405,347
311,1,393,266
311,2,470,271
311,3,424,317
311,4,406,348
312,1,393,266
312,2,469,273
312,3,424,317
312,4,406,347
313,1,393,266
313,2,469,273
313,3,424,317
313,4,406,347
314,1,391,265
314,2,471,273
314,3,422,318
314,4,406,347
315,1,386,264
315,2,469,272
315,3,422,315
315,4,401,349
316,1,386,264
316,2,472,270
316,3,422,315
316,4,402,349
317,1,386,264
317,2,472,270
317,3,423,317
317,4,401,349
318,1,386,264
318,2,468,272
318,3,422,319
318,4,402,346
319,1,386,264
319,2,468,272
319,3,422,319
319,4,403,347
320,1,386,264
320,2,470,268
320,3,421,318
320,4,403,349
321,1,392,264
321,2,472,273
321,3,421,316
321,4,404,344
322,1,393,264
322,2,472,270
322,3,421,316
322,4,404,347
323,1,393,265
323,2,468,274
323,3,422,316
323,4,405,348
324,1,393,265
324,2,468,274
324,3,422,317
324,4,406,346
325,1,393,265
325,2,468,274
325,3,422,319
325,4,403,346
326,1,393,265
326,2,471,269
326,3,421,317
326,4,403,346
327,1,393,265
327,2,468,274
327,3,424,320
327,4,406,347
328,1,393,265
328,2,469,271
328,3,422,317
328,4,405,347
329,1,393,265
329,2,469,271
329,3,422,318
329,4,404,350
330,1,393,265
330,2,469,272
330,3,422,317
330,4,403,348
331,1,393,265
331,2,471,274
331,3,422,317
331,4,405,347
332,1,388,264
332,2,470,273
332,3,420,315
332,4,404,349
333,1,387,263
333,2,474,270
333,3,420,315
333,4,403,349
334,1,387,263
334,2,474,270
334,3,420,315
334,4,402,348
335,1,387,263
335,2,474,270
335,3,420,315
335,4,402,347
336,1,387,263
336,2,474,270
336,3,420,315
336,4,402,348
337,1,394,265
337,2,473,271
337,3,421,315
337,4,402,347
338,1,395,264
338,2,471,273
338,3,423,318
338,4,404,347
339,1,395,264
339,2,471,273
339,3,423,317
339,4,404,347
340,1,395,264
340,2,471,273
340,3,423,318
340,4,404,347
341,1,395,264
341,2,471,273
341,3,423,316
341,4,404,347
342,1,395,264
342,2,471,273
342,3,424,316
342,4,404,347
343,1,395,264
343,2,471,273
343,3,424,316
343,4,404,347
344,1,395,264
344,2,471,275
344,3,422,317
344,4,404,347
345,1,395,264
345,2,471,275
345,3,422,317
345,4,403,349
346,1,395,264
346,2,471,275
346,3,422,317
346,4,406,349
347,1,395,264
347,2,471,275
347,3,422,317
347,4,406,348
348,1,395,264
348,2,471,275
348,3,422,317
348,4,406,347
349,1,395,264
349,2,471,275
349,3,422,317
349,4,403,348
350,1,395,264
350,2,471,275
350,3,422,316
350,4,404,349
351,1,395,264
351,2,471,275
351,3,422,316
351,4,404,348
352,1,395,264
352,2,471,275
352,3,422,316
352,4,404,347
353,1,395,264
353,2,469,273
353,3,422,315
353,4,404,348
354,1,395,264
354,2,470,274
354,3,422,315
354,4,405,348
355,1,395,264
355,2,470,274
355,3,422,315
355,4,405,347
356,1,395,264
356,2,470,273
356,3,422,315
356,4,404,348
357,1,395,264
357,2,470,276
357,3,424,316
357,4,406,346
358,1,388,263
358,2,468,275
358,3,420,316
358,4,403,347
359,1,386,263
359,2,467,275
359,3,418,317
359,4,399,347
360,1,386,263
360,2,467,275
360,3,418,317
360,4,400,346
361,1,392,263
361,2,469,276
361,3,418,317
361,4,400,348
362,1,393,263
362,2,469,271
362,3,419,317
362,4,402,347
363,1,388,267
363,2,469,272
363,3,419,320
363,4,404,350
364,1,388,267
364,2,469,274
364,3,419,320
364,4,402,349
365,1,388,267
365,2,469,274
365,3,420,319
365,4,403,349
366,1,388,267
366,2,469,274
366,3,420,319
366,4,403,350
367,1,388,267
367,2,469,274
367,3,421,318
367,4,402,348
368,1,388,267
368,2,469,274
368,3,423,318
368,4,402,348
369,1,388,267
369,2,469,274
369,3,423,318
369,4,401,348
370,1,388,267
370,2,468,275
370,3,423,316
370,4,404,348
371,1,388,267
371,2,468,274
371,3,423,318
371,4,403,349
372,1,388,267
372,2,468,274
372,3,423,318
372,4,404,349
373,1,388,267
373,2,468,274
373,3,423,318
373,4,403,349
374,1,388,267
374,2,468,274
374,3,423,318
374,4,403,349
375,1,388,267
375,2,468,274
375,3,423,318
375,4,403,349
376,1,387,267
376,2,468,274
376,3,423,318
376,4,403,349
377,1,383,266
377,2,467,273
377,3,423,317
377,4,403,349
378,1,382,265
378,2,470,270
378,3,423,317
378,4,402,349
379,1,382,265
379,2,473,273
379,3,423,319
379,4,400,348
380,1,382,265
380,2,473,273
380,3,423,319
380,4,400,347
381,1,387,267
381,2,474,271
381,3,423,319
381,4,400,349
382,1,389,271
382,2,469,273
382,3,424,314
382,4,402,352
383,1,389,271
383,2,465,275
383,3,424,314
383,4,401,350
384,1,389,271
384,2,465,275
384,3,424,314
384,4,401,350
385,1,389,271
385,2,465,275
385,3,424,314
385,4,401,350
386,1,389,271
386,2,465,275
386,3,424,314
386,4,401,350
387,1,389,271
387,2,465,275
387,3,424,314
387,4,401,350
388,1,389,271
388,2,465,275
388,3,424,314
388,4,401,350
389,1,389,271
389,2,465,275
389,3,424,314
389,4,401,350
390,1,389,271
390,2,465,275
390,3,424,314
390,4,401,350
391,1,389,271
391,2,465,275
391,3,424,314
391,4,401,350
392,1,389,271
392,2,465,275
392,3,424,314
392,4,401,350
393,1,389,271
393,2,465,275
393,3,424,314
393,4,401,350
394,1,389,271
394,2,465,275
394,3,424,314
394,4,401,350
395,1,389,271
395,2,465,275
395,3,424,314
395,4,401,350
396,1,389,271
396,2,465,275
396,3,424,314
396,4,401,350
397,1,389,271
397,2,465,275
397,3,424,314
397,4,401,350
398,1,389,271
398,2,465,275
398,3,424,314
398,4,401,350
399,1,389,271
399,2,465,275
399,3,424,314
399,4,401,350
400,1,389,271
400,2,465,275
400,3,424,314
400,4,401,350
401,1,389,271
401,2,465,275
401,3,424,314
401,4,401,350
402,1,389,271
402,2,465,275
402,3,424,314
402,4,401,350
403,1,389,271
403,2,465,275
403,3,424,314
403,4,401,350
404,1,386,267
404,2,470,273
404,3,424,314
404,4,401,351
405,1,386,267
405,2,469,274
405,3,422,318
405,4,402,346
406,1,386,267
406,2,469,274
406,3,422,318
406,4,402,349
407,1,386,267
407,2,470,275
407,3,422,318
407,4,401,348
408,1,386,267
408,2,470,275
408,3,422,318
408,4,402,349
409,1,386,267
409,2,470,275
409,3,422,318
409,4,401,350
410,1,386,267
410,2,471,274
410,3,422,316
410,4,402,349
411,1,386,267
411,2,469,274
411,3,422,317
411,4,401,348
412,1,386,267
412,2,469,274
412,3,422,317
412,4,401,348
413,1,386,267
413,2,469,274
413,3,422,317
413,4,403,349
414,1,386,267
414,2,471,273
414,3,422,316
414,4,402,349
415,1,386,267
415,2,470,273
415,3,422,316
415,4,402,349
416,1,386,267
416,2,470,273
416,3,423,318
416,4,402,349
417,1,384,267
417,2,472,273
417,3,423,318
417,4,401,351
418,1,382,266
418,2,470,272
418,3,422,318
418,4,402,351
419,1,381,266
419,2,469,271
419,3,422,318
419,4,401,349
420,1,381,266
420,2,469,271
420,3,422,318
420,4,400,349
421,1,382,267
421,2,472,273
421,3,422,318
421,4,400,349
422,1,382,267
422,2,473,273
422,3,421,318
422,4,401,351
423,1,383,267
423,2,470,274
423,3,422,316
423,4,401,351
424,1,383,267
424,2,470,274
424,3,422,316
424,4,403,351
425,1,382,267
425,2,469,274
425,3,421,318
425,4,402,348
426,1,382,267
426,2,469,274
426,3,421,318
426,4,400,347
427,1,382,267
427,2,469,274
427,3,421,318
427,4,399,348
428,1,382,267
428,2,469,274
428,3,421,318
428,4,399,348
429,1,382,267
429,2,469,274
429,3,421,318
429,4,401,347
430,1,382,267
430,2,469,274
430,3,420,318
430,4,401,347
431,1,382,267
431,2,469,274
431,3,420,322
431,4,403,347
432,1,380,266
432,2,467,273
432,3,419,318
432,4,401,348
433,1,379,266
433,2,467,273
433,3,419,320
433,4,402,348
434,1,379,266
434,2,467,273
434,3,419,320
434,4,400,348
435,1,379,266
435,2,467,273
435,3,419,320
435,4,400,348
436,1,380,267
436,2,468,274
436,3,419,320
436,4,400,348
437,1,381,267
437,2,470,275
437,3,419,320
437,4,400,350
438,1,381,267
438,2,470,275
438,3,420,320
438,4,401,349
439,1,381,267
439,2,471,275
439,3,420,321
439,4,400,350
440,1,381,267
440,2,471,275
440,3,420,321
440,4,400,347
441,1,381,267
441,2,471,275
441,3,420,321
441,4,401,350
442,1,381,267
442,2,471,275
442,3,420,321
442,4,403,350
443,1,381,267
443,2,471,275
443,3,420,320
443,4,403,348
444,1,381,267
444,2,471,275
444,3,420,320
444,4,403,350
445,1,381,267
445,2,471,275
445,3,420,320
445,4,401,347
446,1,381,267
446,2,471,275
446,3,420,321
446,4,401,347
447,1,381,267
447,2,471,275
447,3,421,315
447,4,402,351
448,1,380,266
448,2,469,274
448,3,421,315
448,4,402,349
449,1,379,266
449,2,469,274
449,3,421,315
449,4,401,351
450,1,379,266
450,2,469,274
450,3,421,315
450,4,400,351
451,1,379,266
451,2,469,274
451,3,421,315
451,4,399,350
452,1,379,266
452,2,469,274
452,3,421,315
452,4,401,350
453,1,381,267
453,2,472,276
453,3,421,315
453,4,403,350
454,1,381,267
454,2,471,275
454,3,421,315
454,4,402,350
455,1,381,267
455,2,471,275
455,3,421,315
455,4,400,347
456,1,381,267
456,2,471,275
456,3,421,315
456,4,401,350
457,1,381,267
457,2,471,275
457,3,421,315
457,4,401,349
458,1,381,267
458,2,471,275
458,3,421,315
458,4,401,350
459,1,381,267
459,2,471,275
459,3,421,315
459,4,402,350
460,1,381,267
460,2,471,275
460,3,421,315
460,4,402,348
461,1,381,267
461,2,471,275
461,3,421,315
461,4,402,350
462,1,381,267
462,2,471,275
462,3,421,315
462,4,402,350
463,1,381,267
463,2,471,275
463,3,421,315
463,4,402,348
464,1,381,267
464,2,471,275
464,3,421,315
464,4,402,350
465,1,381,267
465,2,471,275
465,3,421,315
465,4,402,348
466,1,381,267
466,2,471,275
466,3,421,315
466,4,402,350
467,1,381,267
467,2,471,275
467,3,421,315
467,4,402,350
468,1,381,267
468,2,471,275
468,3,421,315
468,4,402,350
469,1,381,267
469,2,471,275
469,3,421,315
469,4,402,350
470,1,381,267
470,2,471,275
470,3,421,315
470,4,402,350
471,1,381,267
471,2,469,274
471,3,421,315
471,4,402,348
472,1,380,267
472,2,468,273
472,3,421,315
472,4,402,351
473,1,380,267
473,2,468,273
473,3,421,315
473,4,402,350
474,1,380,267
474,2,468,273
474,3,421,315
474,4,402,350
475,1,380,267
475,2,468,273
475,3,422,318
475,4,402,350
476,1,380,267
476,2,468,273
476,3,421,320
476,4,402,350
477,1,380,267
477,2,468,273
477,3,420,320
477,4,402,350
478,1,380,267
478,2,468,273
478,3,420,320
478,4,402,350
479,1,380,267
479,2,468,273
479,3,419,318
479,4,402,350
480,1,380,267
480,2,468,273
480,3,419,318
480,4,401,351
481,1,381,267
481,2,473,274
481,3,420,318
481,4,402,351
482,1,382,267
482,2,477,275
482,3,420,318
482,4,403,350
483,1,382,267
483,2,477,275
483,3,420,318
483,4,401,349
484,1,382,267
484,2,476,275
484,3,420,318
484,4,401,350
485,1,382,267
485,2,473,275
485,3,420,318
485,4,402,349
486,1,382,267
486,2,473,275
486,3,420,318
486,4,403,350
487,1,382,267
487,2,473,275
487,3,420,318
487,4,403,349
488,1,382,267
488,2,473,275
488,3,420,318
488,4,403,350
489,1,382,267
489,2,473,275
489,3,420,318
489,4,403,349
490,1,382,267
490,2,473,275
490,3,420,320
490,4,403,350
491,1,382,267
491,2,473,275
491,3,420,320
491,4,403,349
492,1,382,267
492,2,473,275
492,3,420,320
492,4,403,350
493,1,382,267
493,2,473,275
493,3,420,320
493,4,403,349
494,1,382,267
494,2,473,275
494,3,420,320
494,4,403,350
495,1,382,267
495,2,473,275
495,3,420,320
495,4,403,350
496,1,382,267
496,2,470,276
496,3,420,320
496,4,403,350
497,1,382,267
497,2,470,276
497,3,420,320
497,4,403,350
498,1,383,267
498,2,470,276
498,3,420,320
498,4,403,350
499,1,386,269
499,2,472,278
499,3,420,320
499,4,403,350
500,1,382,267
500,2,469,276
500,3,420,320
500,4,403,350
501,1,381,266
501,2,470,276
501,3,420,320
501,4,403,350
502,1,381,266
502,2,470,276
502,3,419,320
502,4,403,350
503,1,381,266
503,2,470,276
503,3,419,320
503,4,403,350
504,1,381,266
504,2,470,276
504,3,420,320
504,4,403,350
505,1,381,266
505,2,470,276
505,3,420,320
505,4,404,350
506,1,381,266
506,2,470,276
506,3,420,320
506,4,402,348
507,1,381,266
507,2,470,276
507,3,420,320
507,4,401,350
508,1,381,266
508,2,470,276
508,3,420,320
508,4,402,350
509,1,381,266
509,2,470,276
509,3,420,320
509,4,402,350
510,1,381,266
510,2,470,276
510,3,420,320
510,4,402,350
511,1,381,266
511,2,470,276
511,3,420,319
511,4,403,350
512,1,381,266
512,2,470,276
512,3,420,319
512,4,402,350
513,1,382,267
513,2,470,277
513,3,420,320
513,4,404,350
514,1,380,266
514,2,469,276
514,3,420,319
514,4,401,350
515,1,379,265
515,2,468,275
515,3,419,319
515,4,402,350
516,1,379,265
516,2,468,275
516,3,419,319
516,4,401,350
517,1,379,265
517,2,468,275
517,3,419,319
517,4,402,350
518,1,379,265
518,2,468,275
518,3,419,319
518,4,401,350
519,1,379,265
519,2,468,275
519,3,419,319
519,4,401,350
520,1,379,265
520,2,468,275
520,3,419,319
520,4,401,350
521,1,379,265
521,2,468,275
521,3,419,320
521,4,401,350
522,1,380,265
522,2,469,275
522,3,419,320
522,4,401,350
523,1,380,265
523,2,469,275
523,3,420,320
523,4,401,350
524,1,380,265
524,2,469,275
524,3,420,320
524,4,402,350
525,1,380,265
525,2,469,275
525,3,420,320
525,4,400,350
526,1,380,265
526,2,469,275
526,3,420,320
526,4,400,350
527,1,380,265
527,2,469,275
527,3,420,320
527,4,400,350
528,1,380,265
528,2,469,275
528,3,420,320
528,4,400,350
529,1,380,265
529,2,469,275
529,3,420,320
529,4,400,350
530,1,380,265
530,2,469,275
530,3,420,320
530,4,400,350
531,1,380,265
531,2,469,275
531,3,420,320
531,4,401,348
532,1,380,265
532,2,469,275
532,3,420,320
532,4,403,350
533,1,380,265
533,2,469,275
533,3,420,320
533,4,402,350
534,1,380,265
534,2,469,275
534,3,420,320
534,4,402,350
535,1,380,265
535,2,469,275
535,3,420,320
535,4,403,350
536,1,380,265
536,2,469,275
536,3,420,319
536,4,403,348
537,1,380,265
537,2,469,275
537,3,420,319
537,4,402,350
538,1,380,265
538,2,469,275
538,3,420,320
538,4,401,350
539,1,380,265
539,2,469,275
539,3,420,320
539,4,403,350
540,1,380,265
540,2,469,275
540,3,420,320
540,4,401,350
541,1,379,265
541,2,468,274
541,3,420,320
541,4,403,350
542,1,379,265
542,2,468,274
542,3,420,320
542,4,402,350
543,1,379,265
543,2,468,274
543,3,420,320
543,4,403,350
544,1,379,265
544,2,468,274
544,3,420,319
544,4,403,350
545,1,379,265
545,2,468,274
545,3,420,319
545,4,403,350
546,1,379,265
546,2,470,274
546,3,420,319
546,4,403,350
547,1,379,265
547,2,470,274
547,3,421,320
547,4,403,350
548,1,379,265
548,2,470,274
548,3,421,319
548,4,403,350
549,1,379,265
549,2,470,274
549,3,421,319
549,4,404,350
550,1,379,265
550,2,471,275
550,3,421,319
550,4,402,350
551,1,379,265
551,2,471,275
551,3,421,320
551,4,401,350
552,1,379,265
552,2,471,275
552,3,420,320
552,4,403,350
553,1,379,265
553,2,471,276
553,3,420,320
553,4,404,347
554,1,379,265
554,2,471,276
554,3,420,320
554,4,404,347
555,1,379,265
555,2,473,274
555,3,420,320
555,4,404,347
556,1,379,265
556,2,474,274
556,3,420,320
556,4,400,350
557,1,379,265
557,2,474,274
557,3,420,320
557,4,401,350
558,1,379,265
558,2,474,274
558,3,420,320
558,4,402,350
559,1,379,265
559,2,474,273
559,3,420,320
559,4,402,348
560,1,379,265
560,2,474,277
560,3,420,320
560,4,401,349
561,1,378,265
561,2,472,275
561,3,420,320
561,4,402,351
562,1,378,265
562,2,472,275
562,3,420,320
562,4,400,351
563,1,379,265
563,2,473,275
563,3,420,320
563,4,402,351
564,1,379,265
564,2,475,276
564,3,420,320
564,4,400,350
565,1,379,265
565,2,475,276
565,3,420,320
565,4,399,348
566,1,379,265
566,2,473,276
566,3,420,320
566,4,401,349
567,1,379,265
567,2,473,276
567,3,420,320
567,4,401,350
568,1,379,265
568,2,473,276
568,3,420,320
568,4,401,350
569,1,379,265
569,2,474,275
569,3,420,320
569,4,401,350
570,1,379,265
570,2,474,275
570,3,420,320
570,4,401,350
571,1,379,265
571,2,474,275
571,3,420,320
571,4,401,350
572,1,379,265
572,2,474,275
572,3,420,320
572,4,401,350
573,1,379,265
573,2,474,275
573,3,420,320
573,4,401,350
574,1,379,265
574,2,474,275
574,3,420,320
574,4,401,350
575,1,379,265
575,2,472,273
575,3,420,320
575,4,403,350
576,1,378,265
576,2,472,275
576,3,420,320
576,4,403,350
577,1,378,265
577,2,471,274
577,3,420,320
577,4,401,348
578,1,378,265
578,2,477,275
578,3,420,320
578,4,402,350
579,1,378,265
579,2,479,272
579,3,420,320
579,4,399,348
580,1,378,265
580,2,481,273
580,3,420,320
580,4,400,348
581,1,378,265
581,2,460,271
581,3,420,320
581,4,400,348
582,1,378,265
582,2,461,271
582,3,423,320
582,4,405,351
583,1,378,265
583,2,461,271
583,3,423,319
583,4,405,351
584,1,378,265
584,2,460,271
584,3,423,319
584,4,405,352
585,1,378,265
585,2,460,271
585,3,423,319
585,4,405,350
586,1,378,265
586,2,467,275
586,3,425,319
586,4,405,349
587,1,378,265
587,2,467,275
587,3,422,322
587,4,403,349
588,1,378,265
588,2,467,275
588,3,421,321
588,4,403,351
589,1,378,265
589,2,467,275
589,3,421,321
589,4,403,351
590,1,378,265
590,2,467,275
590,3,421,321
590,4,403,351
591,1,378,265
591,2,467,276
591,3,421,321
591,4,402,350
592,1,377,265
592,2,467,276
592,3,421,321
592,4,401,350
593,1,377,265
593,2,467,276
593,3,421,321
593,4,403,350
594,1,377,265
594,2,467,276
594,3,421,321
594,4,404,348
595,1,377,265
595,2,467,276
595,3,421,321
595,4,403,348
596,1,377,265
596,2,467,276
596,3,421,321
596,4,403,348
597,1,377,265
597,2,467,276
597,3,421,321
597,4,399,350
598,1,377,265
598,2,467,276
598,3,421,321
598,4,402,350
599,1,377,265
599,2,467,277
599,3,421,321
599,4,401,347
600,1,377,265
600,2,467,277
600,3,421,321
600,4,401,347
601,1,377,265
601,2,467,276
601,3,421,320
601,4,400,348
602,1,377,265
602,2,467,276
602,3,421,320
602,4,401,348
603,1,377,265
603,2,467,276
603,3,420,320
603,4,403,348
604,1,377,265
604,2,467,276
604,3,420,320
604,4,403,348
605,1,377,265
605,2,467,276
605,3,420,321
605,4,403,348
606,1,377,265
606,2,467,276
606,3,420,321
606,4,400,352
607,1,377,265
607,2,467,276
607,3,421,321
607,4,401,350
608,1,377,265
608,2,467,276
608,3,421,321
608,4,402,348
609,1,377,265
609,2,467,276
609,3,421,321
609,4,402,350
610,1,377,265
610,2,467,276
610,3,420,321
610,4,400,350
611,1,377,265
611,2,466,275
611,3,420,321
611,4,402,350
612,1,377,265
612,2,466,275
612,3,420,321
612,4,401,348
613,1,377,265
613,2,466,275
613,3,421,321
613,4,403,350
614,1,377,265
614,2,466,275
614,3,421,321
614,4,404,350
615,1,377,265
615,2,466,276
615,3,421,321
615,4,403,347
616,1,378,265
616,2,467,276
616,3,421,321
616,4,403,348
617,1,378,265
617,2,467,276
617,3,421,321
617,4,403,349
618,1,378,265
618,2,467,276
618,3,421,321
618,4,403,350
619,1,378,265
619,2,467,276
619,3,421,321
619,4,402,349
620,1,378,265
620,2,467,276
620,3,421,321
620,4,401,350
621,1,378,265
621,2,467,276
621,3,421,321
621,4,402,349
622,1,378,265
622,2,467,276
622,3,421,321
622,4,402,350
623,1,378,265
623,2,467,276
623,3,421,321
623,4,401,349
624,1,378,265
624,2,467,276
624,3,421,321
624,4,402,350
625,1,378,265
625,2,467,276
625,3,421,321
625,4,401,349
626,1,378,265
626,2,467,276
626,3,421,321
626,4,402,350
627,1,378,265
627,2,467,276
627,3,421,321
627,4,401,349
628,1,378,265
628,2,467,276
628,3,421,321
628,4,402,350
629,1,378,265
629,2,467,276
629,3,421,321
629,4,401,349
630,1,378,265
630,2,467,276
630,3,421,321
630,4,402,350
631,1,378,265
631,2,466,276
631,3,420,321
631,4,402,349
632,1,378,265
632,2,466,276
632,3,420,321
632,4,403,350
633,1,377,265
633,2,466,275
633,3,420,321
633,4,401,350
634,1,377,265
634,2,466,275
634,3,420,321
634,4,401,350
635,1,377,265
635,2,466,275
635,3,420,321
635,4,403,348
636,1,377,265
636,2,466,275
636,3,420,321
636,4,404,348
637,1,377,265
637,2,466,275
637,3,420,321
637,4,404,348
638,1,377,265
638,2,467,276
638,3,421,321
638,4,401,348
639,1,377,265
639,2,468,276
639,3,421,321
639,4,403,350
640,1,377,265
640,2,468,276
640,3,421,321
640,4,403,350
641,1,377,265
641,2,473,276
641,3,421,321
641,4,403,350
642,1,377,265
642,2,473,276
642,3,421,321
642,4,401,349
643,1,377,265
643,2,473,276
643,3,421,321
643,4,402,350
644,1,377,265
644,2,473,276
644,3,422,321
644,4,402,347
645,1,377,265
645,2,473,276
645,3,421,321
645,4,403,350
646,1,377,265
646,2,473,276
646,3,421,321
646,4,403,349
647,1,377,265
647,2,473,276
647,3,421,321
647,4,403,350
648,1,377,265
648,2,473,276
648,3,421,321
648,4,403,350
649,1,377,265
649,2,473,276
649,3,421,321
649,4,403,350
650,1,377,265
650,2,473,276
650,3,421,321
650,4,402,350
651,1,377,265
651,2,475,274
651,3,420,321
651,4,402,350
652,1,377,265
652,2,472,273
652,3,420,321
652,4,402,350
653,1,377,265
653,2,470,272
653,3,420,321
653,4,402,348
654,1,377,265
654,2,470,272
654,3,420,321
654,4,401,350
655,1,377,265
655,2,470,272
655,3,420,321
655,4,402,350
656,1,377,265
656,2,470,272
656,3,420,321
656,4,402,348
657,1,377,265
657,2,470,272
657,3,420,321
657,4,401,350
658,1,377,265
658,2,470,272
658,3,420,321
658,4,401,348
659,1,377,265
659,2,473,273
659,3,420,321
659,4,402,350
660,1,377,265
660,2,473,273
660,3,420,321
660,4,400,348
661,1,378,265
661,2,473,273
661,3,421,321
661,4,400,350
662,1,378,265
662,2,474,273
662,3,421,322
662,4,402,350
663,1,378,265
663,2,474,273
663,3,421,322
663,4,402,350
664,1,378,265
664,2,474,273
664,3,421,322
664,4,402,348
665,1,378,265
665,2,474,273
665,3,421,322
665,4,401,348
666,1,378,265
666,2,474,273
666,3,421,322
666,4,401,350
667,1,378,265
667,2,474,273
667,3,421,322
667,4,401,350
668,1,378,265
668,2,474,273
668,3,422,322
668,4,401,351
669,1,378,265
669,2,474,273
669,3,422,322
669,4,403,351
670,1,378,265
670,2,474,273
670,3,422,320
670,4,403,351
671,1,378,265
671,2,474,273
671,3,422,320
671,4,404,349
672,1,378,265
672,2,474,273
672,3,422,320
672,4,402,351
673,1,378,265
673,2,474,277
673,3,422,320
673,4,403,350
674,1,377,265
674,2,481,273
674,3,421,319
674,4,403,350
675,1,377,265
675,2,481,273
675,3,421,319
675,4,402,348
676,1,377,265
676,2,481,273
676,3,421,319
676,4,402,348
677,1,377,265
677,2,481,273
677,3,421,319
677,4,401,352
678,1,377,265
678,2,481,273
678,3,421,320
678,4,402,348
679,1,377,265
679,2,481,274
679,3,421,320
679,4,402,348
680,1,377,265
680,2,484,275
680,3,421,320
680,4,400,352
681,1,377,265
681,2,490,275
681,3,422,320
681,4,400,352
682,1,377,265
682,2,490,275
682,3,422,320
682,4,400,352
683,1,377,265
683,2,490,275
683,3,422,320
683,4,400,352
684,1,377,265
684,2,490,275
684,3,422,320
684,4,400,352
685,1,377,265
685,2,490,275
685,3,422,320
685,4,400,352
686,1,377,265
686,2,490,275
686,3,422,320
686,4,400,352
687,1,377,265
687,2,490,275
687,3,422,320
687,4,400,352
688,1,377,265
688,2,490,275
688,3,422,319
688,4,400,352
689,1,377,265
689,2,490,275
689,3,422,320
689,4,400,352
690,1,377,265
690,2,490,275
690,3,422,320
690,4,400,352
691,1,377,265
691,2,490,275
691,3,422,319
691,4,400,352
692,1,377,265
692,2,490,275
692,3,422,319
692,4,400,352
693,1,377,265
693,2,490,275
693,3,422,320
693,4,400,352
694,1,377,265
694,2,490,275
694,3,422,320
694,4,400,352
695,1,377,265
695,2,490,275
695,3,422,320
695,4,400,352
696,1,377,265
696,2,490,275
696,3,422,319
696,4,400,352
697,1,377,265
697,2,490,275
697,3,422,319
697,4,400,352
698,1,377,265
698,2,490,275
698,3,422,319
698,4,400,352
699,1,377,265
699,2,490,275
699,3,422,319
699,4,400,352
700,1,377,265
700,2,490,275
700,3,422,319
700,4,400,352
701,1,377,265
701,2,490,276
701,3,422,320
701,4,400,352
702,1,378,265
702,2,488,277
702,3,422,320
702,4,401,351
703,1,378,265
703,2,488,277
703,3,422,320
703,4,401,351
704,1,378,265
704,2,496,275
704,3,422,320
704,4,401,351
705,1,378,265
705,2,498,274
705,3,422,320
705,4,401,351
706,1,378,265
706,2,498,274
706,3,423,320
706,4,401,351
707,1,378,265
707,2,498,274
707,3,422,320
707,4,401,351
708,1,378,265
708,2,498,274
708,3,423,320
708,4,401,351
709,1,378,265
709,2,498,274
709,3,423,319
709,4,401,351
710,1,378,265
710,2,498,274
710,3,423,319
710,4,401,351
711,1,378,265
711,2,498,274
711,3,422,319
711,4,401,351
712,1,378,265
712,2,498,274
712,3,422,319
712,4,401,351
713,1,378,265
713,2,496,274
713,3,422,319
713,4,401,351
714,1,380,267
714,2,493,276
714,3,422,320
714,4,402,353
715,1,379,266
715,2,501,275
715,3,422,320
715,4,402,353
716,1,379,266
716,2,502,274
716,3,422,320
716,4,402,353
717,1,378,266
717,2,502,274
717,3,422,320
717,4,402,353
718,1,378,266
718,2,502,274
718,3,422,320
718,4,402,353
719,1,378,266
719,2,502,274
719,3,421,320
719,4,402,353
720,1,378,266
720,2,502,274
720,3,421,320
720,4,402,353
721,1,377,266
721,2,501,274
721,3,420,320
721,4,402,353
722,1,377,266
722,2,501,274
722,3,420,320
722,4,402,353
723,1,377,266
723,2,501,274
723,3,420,320
723,4,402,353
724,1,377,266
724,2,501,274
724,3,420,320
724,4,402,353
725,1,378,266
725,2,499,274
725,3,420,320
725,4,402,353
726,1,378,266
726,2,499,274
726,3,420,320
726,4,402,353
727,1,377,266
727,2,502,274
727,3,420,320
727,4,402,353
728,1,377,266
728,2,503,274
728,3,420,320
728,4,402,353
729,1,377,266
729,2,503,274
729,3,420,320
729,4,402,353
730,1,377,266
730,2,503,274
730,3,420,320
730,4,402,353
731,1,377,266
731,2,503,274
731,3,420,320
731,4,402,353
732,1,377,266
732,2,503,274
732,3,420,320
732,4,402,353
733,1,377,266
733,2,503,274
733,3,420,320
733,4,402,353
734,1,377,266
734,2,503,274
734,3,420,320
734,4,402,353
735,1,377,266
735,2,503,274
735,3,420,320
735,4,402,353
736,1,377,266
736,2,503,274
736,3,420,320
736,4,402,353
737,1,377,266
737,2,502,274
737,3,419,320
737,4,402,353
738,1,379,267
738,2,500,274
738,3,419,320
738,4,402,353
739,1,379,268
739,2,500,274
739,3,419,321
739,4,402,353
740,1,376,270
740,2,499,275
740,3,417,323
740,4,402,353
741,1,356,302
741,2,482,287
741,3,421,357
741,4,402,353
742,1,356,302
742,2,482,287
742,3,421,357
742,4,402,353
743,1,356,302
743,2,482,287
743,3,421,357
743,4,402,353
744,1,356,302
744,2,482,287
744,3,421,357
744,4,402,353
745,1,356,302
745,2,482,287
745,3,421,357
745,4,402,353
746,1,356,302
746,2,482,287
746,3,421,357
746,4,402,353
747,1,356,302
747,2,482,287
747,3,421,357
747,4,402,353
748,1,356,302
748,2,482,287
748,3,421,357
748,4,402,353
749,1,356,302
749,2,482,287
749,3,421,357
749,4,402,353
750,1,356,302
750,2,482,287
750,3,421,357
750,4,402,353
751,1,356,302
751,2,482,287
751,3,421,357
751,4,402,353
752,1,356,302
752,2,482,287
752,3,421,357
752,4,402,353
753,1,356,302
753,2,482,287
753,3,421,357
753,4,402,353
754,1,356,302
754,2,482,287
754,3,421,357
754,4,402,353
755,1,356,302
755,2,482,287
755,3,421,357
755,4,402,353
756,1,356,302
756,2,482,287
756,3,421,357
756,4,402,353
757,1,356,302
757,2,482,287
757,3,421,357
757,4,402,353
758,1,356,302
758,2,482,287
758,3,421,357
758,4,402,353
759,1,356,302
759,2,482,287
759,3,421,357
759,4,402,353
760,1,356,302
760,2,482,287
760,3,421,357
760,4,402,353
761,1,356,302
761,2,482,287
761,3,421,357
761,4,402,353
762,1,356,302
762,2,482,287
762,3,421,357
762,4,402,353
763,1,356,302
763,2,482,287
763,3,421,357
763,4,402,353
764,1,356,302
764,2,482,287
764,3,421,357
764,4,402,353
765,1,356,302
765,2,482,287
765,3,421,357
765,4,402,353
766,1,356,302
766,2,482,287
766,3,421,357
766,4,402,353
767,1,356,302
767,2,482,287
767,3,421,357
767,4,402,353
768,1,356,302
768,2,482,287
768,3,421,357
768,4,402,353
769,1,356,302
769,2,482,287
769,3,421,357
769,4,402,353
770,1,356,302
770,2,482,287
770,3,421,357
770,4,402,353
771,1,356,302
771,2,482,287
771,3,421,357
771,4,402,353
772,1,356,302
772,2,482,287
772,3,421,357
772,4,402,353
773,1,356,302
773,2,482,287
773,3,421,357
773,4,402,353
774,1,356,302
774,2,482,287
774,3,421,357
774,4,402,353
775,1,356,302
775,2,482,287
775,3,421,357
775,4,402,353
776,1,356,302
776,2,482,287
776,3,421,357
776,4,402,353
777,1,356,302
777,2,482,287
777,3,421,357
777,4,402,353
778,1,356,302
778,2,482,287
778,3,421,357
778,4,402,353
779,1,356,302
779,2,482,287
779,3,421,357
779,4,402,353
780,1,356,302
780,2,482,287
780,3,421,357
780,4,402,353
781,1,382,268
781,2,463,272
781,3,416,312
781,4,395,349
782,1,382,268
782,2,463,272
782,3,416,312
782,4,394,348
783,1,382,268
783,2,462,272
783,3,416,312
783,4,393,347
784,1,382,268
784,2,463,272
784,3,417,312
784,4,393,347
785,1,382,268
785,2,463,275
785,3,417,317
785,4,395,347
786,1,382,268
786,2,463,271
786,3,417,317
786,4,394,348
787,1,382,268
787,2,462,271
787,3,417,318
787,4,394,347
788,1,382,268
788,2,462,272
788,3,417,318
788,4,394,347
789,1,382,268
789,2,462,272
789,3,418,318
789,4,394,347
790,1,382,268
790,2,460,272
790,3,418,318
790,4,395,348
791,1,382,268
791,2,461,274
791,3,415,317
791,4,397,347
792,1,382,268
792,2,461,274
792,3,416,318
792,4,395,348
793,1,382,268
793,2,461,274
793,3,416,318
793,4,396,347
794,1,382,268
794,2,461,274
794,3,416,318
794,4,396,347
795,1,382,268
795,2,461,274
795,3,416,318
795,4,396,348
796,1,379,268
796,2,460,274
796,3,416,317
796,4,396,348
797,1,377,267
797,2,463,269
797,3,415,317
797,4,395,348
798,1,376,267
798,2,461,270
798,3,417,318
798,4,393,344
799,1,376,267
799,2,462,270
799,3,417,318
799,4,393,344
800,1,376,267
800,2,462,269
800,3,418,319
800,4,393,351
801,1,376,267
801,2,460,270
801,3,418,319
801,4,394,349
802,1,382,269
802,2,463,272
802,3,418,319
802,4,393,349
803,1,382,268
803,2,463,272
803,3,419,319
803,4,395,348
804,1,382,268
804,2,464,275
804,3,419,319
804,4,395,348
805,1,382,268
805,2,464,275
805,3,419,319
805,4,395,348
806,1,383,268
806,2,462,273
806,3,419,319
806,4,397,348
807,1,384,268
807,2,462,273
807,3,419,319
807,4,397,347
808,1,384,268
808,2,462,273
808,3,419,319
808,4,398,348
809,1,383,268
809,2,461,272
809,3,416,317
809,4,396,347
810,1,382,268
810,2,461,272
810,3,415,318
810,4,395,348
811,1,382,268
811,2,461,273
811,3,415,318
811,4,396,349
812,1,382,268
812,2,461,274
812,3,415,318
812,4,396,349
813,1,382,268
813,2,461,274
813,3,417,317
813,4,396,349
814,1,382,268
814,2,461,274
814,3,417,318
814,4,397,349
815,1,382,268
815,2,461,273
815,3,418,316
815,4,396,349
816,1,379,267
816,2,461,274
816,3,416,317
816,4,396,349
817,1,378,266
817,2,464,272
817,3,416,317
817,4,396,349
818,1,378,266
818,2,464,272
818,3,416,317
818,4,396,349
819,1,378,266
819,2,465,272
819,3,416,317
819,4,396,349
820,1,378,266
820,2,464,271
820,3,416,317
820,4,396,349
821,1,378,266
821,2,463,268
821,3,416,318
821,4,394,348
822,1,378,266
822,2,463,268
822,3,416,318
822,4,395,347
823,1,378,266
823,2,464,271
823,3,416,315
823,4,395,347
824,1,381,267
824,2,465,273
824,3,416,315
824,4,396,349
825,1,385,268
825,2,466,274
825,3,416,318
825,4,396,349
826,1,384,268
826,2,462,271
826,3,417,318
826,4,395,348
827,1,384,268
827,2,462,271
827,3,419,317
827,4,399,347
828,1,384,268
828,2,462,271
828,3,419,318
828,4,399,347
829,1,384,268
829,2,462,271
829,3,417,317
829,4,399,347
830,1,385,269
830,2,462,272
830,3,419,318
830,4,400,349
831,1,379,267
831,2,462,271
831,3,418,317
831,4,400,349
832,1,379,267
832,2,462,272
832,3,418,317
832,4,398,348
833,1,379,267
833,2,462,272
833,3,418,317
833,4,397,347
834,1,379,267
834,2,462,272
834,3,418,317
834,4,397,347
835,1,379,267
835,2,462,273
835,3,417,318
835,4,398,348
836,1,379,267
836,2,462,273
836,3,417,318
836,4,398,349
837,1,378,267
837,2,460,272
837,3,417,318
837,4,398,349
838,1,376,267
838,2,462,272
838,3,416,318
838,4,397,349
839,1,376,267
839,2,462,272
839,3,416,318
839,4,397,349
840,1,376,267
840,2,462,271
840,3,416,317
840,4,396,349
841,1,375,267
841,2,461,271
841,3,416,317
841,4,395,349
842,1,375,267
842,2,461,271
842,3,416,317
842,4,396,350
843,1,375,267
843,2,461,271
843,3,416,318
843,4,394,348
844,1,375,267
844,2,464,275
844,3,416,318
844,4,394,348
845,1,375,267
845,2,464,275
845,3,414,320
845,4,395,349
846,1,379,268
846,2,466,277
846,3,415,320
846,4,396,351
847,1,381,268
847,2,466,277
847,3,415,320
847,4,394,348
848,1,382,267
848,2,465,274
848,3,417,320
848,4,396,349
849,1,382,267
849,2,466,275
849,3,421,318
849,4,398,350
850,1,382,267
850,2,466,275
850,3,418,319
850,4,398,350
851,1,382,267
851,2,466,276
851,3,418,319
851,4,397,349
852,1,382,267
852,2,465,275
852,3,418,319
852,4,397,349
853,1,382,267
853,2,465,275
853,3,418,319
853,4,398,350
854,1,382,267
854,2,466,276
854,3,418,319
854,4,399,349
855,1,382,267
855,2,469,273
855,3,418,319
855,4,399,351
856,1,382,267
856,2,468,273
856,3,417,319
856,4,397,351
857,1,382,267
857,2,468,273
857,3,417,319
857,4,398,349
858,1,381,267
858,2,467,273
858,3,416,321
858,4,397,351
859,1,377,266
859,2,465,271
859,3,415,319
859,4,396,351
860,1,376,265
860,2,464,271
860,3,415,317
860,4,395,351
861,1,375,265
861,2,463,271
861,3,414,319
861,4,394,351
862,1,375,265
862,2,463,271
862,3,414,319
862,4,394,351
863,1,375,265
863,2,464,275
863,3,413,321
863,4,394,351
864,1,375,265
864,2,464,275
864,3,413,321
864,4,394,351
865,1,375,265
865,2,464,275
865,3,413,321
865,4,394,351
866,1,375,265
866,2,464,275
866,3,413,321
866,4,394,351
867,1,375,265
867,2,464,275
867,3,413,321
867,4,394,351
868,1,375,265
868,2,464,275
868,3,413,321
868,4,394,351
869,1,375,265
869,2,464,275
869,3,413,321
869,4,394,351
870,1,375,265
870,2,464,275
870,3,413,321
870,4,394,351
871,1,375,265
871,2,464,275
871,3,413,321
871,4,394,351
872,1,375,265
872,2,464,275
872,3,413,321
872,4,394,351
873,1,375,265
873,2,464,275
873,3,413,321
873,4,394,351
874,1,375,265
874,2,464,275
874,3,413,321
874,4,394,351
875,1,375,265
875,2,464,275
875,3,413,321
875,4,394,351
876,1,375,265
876,2,464,275
876,3,413,321
876,4,394,351
877,1,375,265
877,2,464,275
877,3,413,321
877,4,394,351
878,1,382,271
878,2,464,274
878,3,418,314
878,4,396,352
879,1,382,271
879,2,462,274
879,3,418,314
879,4,396,349
880,1,382,271
880,2,462,274
880,3,418,314
880,4,394,350
881,1,379,270
881,2,464,273
881,3,415,317
881,4,394,350
882,1,376,269
882,2,460,274
882,3,416,319
882,4,394,350
883,1,375,269
883,2,467,272
883,3,415,320
883,4,394,350
884,1,375,269
884,2,467,272
884,3,415,320
884,4,394,348
885,1,375,269
885,2,467,272
885,3,415,320
885,4,394,348
886,1,375,269
886,2,465,272
886,3,416,318
886,4,395,348
887,1,375,269
887,2,464,272
887,3,415,320
887,4,395,348
888,1,378,270
888,2,465,273
888,3,416,320
888,4,396,350
889,1,377,269
889,2,465,272
889,3,415,318
889,4,394,348
890,1,377,269
890,2,465,272
890,3,418,318
890,4,395,348
891,1,377,269
891,2,465,272
891,3,418,318
891,4,394,350
892,1,377,269
892,2,465,272
892,3,419,320
892,4,395,348
893,1,377,269
893,2,465,272
893,3,418,320
893,4,396,348
894,1,377,269
894,2,465,272
894,3,418,320
894,4,396,350
895,1,376,269
895,2,464,272
895,3,417,320
895,4,394,348
896,1,376,269
896,2,464,272
896,3,417,320
896,4,394,348
897,1,375,269
897,2,464,272
897,3,416,320
897,4,394,348
898,1,373,268
898,2,462,271
898,3,413,316
898,4,395,352
899,1,372,268
899,2,462,270
899,3,414,318
899,4,394,352
900,1,372,268
900,2,463,272
900,3,414,318
900,4,394,348
901,1,372,268
901,2,463,272
901,3,414,318
901,4,394,350
902,1,372,268
902,2,463,272
902,3,414,318
902,4,394,348
903,1,372,268
903,2,463,272
903,3,414,318
903,4,394,348
904,1,373,269
904,2,464,273
904,3,412,320
904,4,394,350
905,1,374,269
905,2,466,274
905,3,414,320
905,4,394,350
906,1,374,269
906,2,464,276
906,3,414,320
906,4,394,350
907,1,374,269
907,2,464,276
907,3,414,320
907,4,395,349
908,1,374,269
908,2,464,276
908,3,414,320
908,4,396,351
909,1,374,269
909,2,464,276
909,3,415,322
909,4,395,350
910,1,374,269
910,2,464,276
910,3,415,322
910,4,395,350
911,1,374,269
911,2,464,276
911,3,414,320
911,4,395,350
912,1,374,269
912,2,464,276
912,3,414,320
912,4,395,349
913,1,375,269
913,2,464,276
913,3,415,320
913,4,396,351
914,1,375,269
914,2,466,274
914,3,414,320
914,4,396,351
915,1,375,269
915,2,465,274
915,3,414,320
915,4,396,351
916,1,373,268
916,2,463,273
916,3,414,320
916,4,394,351
917,1,373,268
917,2,463,273
917,3,416,320
917,4,394,351
918,1,373,268
918,2,463,273
918,3,416,320
918,4,394,351
919,1,373,268
919,2,463,273
919,3,414,322
919,4,395,352
920,1,373,268
920,2,463,273
920,3,414,322
920,4,396,351
921,1,373,268
921,2,463,273
921,3,414,322
921,4,396,352
922,1,374,269
922,2,464,274
922,3,414,318
922,4,395,351
923,1,377,270
923,2,464,275
923,3,414,318
923,4,395,351
924,1,375,269
924,2,463,274
924,3,415,318
924,4,394,351
925,1,375,269
925,2,463,274
925,3,415,320
925,4,394,351
926,1,374,269
926,2,463,274
926,3,417,320
926,4,394,349
927,1,374,269
927,2,463,274
927,3,417,320
927,4,394,349
928,1,374,269
928,2,463,274
928,3,417,321
928,4,395,352
929,1,374,269
929,2,463,274
929,3,417,322
929,4,395,352
930,1,374,269
930,2,463,274
930,3,417,322
930,4,395,352
931,1,374,269
931,2,463,274
931,3,417,322
931,4,396,352
932,1,374,269
932,2,463,274
932,3,417,321
932,4,395,352
933,1,374,269
933,2,462,274
933,3,417,322
933,4,395,352
934,1,374,269
934,2,462,274
934,3,417,321
934,4,395,352
935,1,374,269
935,2,462,274
935,3,417,322
935,4,396,351
936,1,374,269
936,2,461,274
936,3,417,322
936,4,396,351
937,1,373,269
937,2,460,273
937,3,415,320
937,4,396,351
938,1,372,269
938,2,459,273
938,3,415,321
938,4,394,352
939,1,372,269
939,2,459,273
939,3,415,321
939,4,393,352
940,1,372,269
940,2,459,273
940,3,415,321
940,4,394,352
941,1,372,269
941,2,459,273
941,3,415,322
941,4,394,352
942,1,372,269
942,2,460,273
942,3,415,322
942,4,393,351
943,1,373,269
943,2,460,273
943,3,415,321
943,4,395,352
944,1,373,269
944,2,460,273
944,3,415,322
944,4,396,351
945,1,374,270
945,2,460,273
945,3,415,321
945,4,394,350
946,1,374,270
946,2,460,273
946,3,415,321
946,4,396,351
947,1,374,270
947,2,460,273
947,3,415,321
947,4,396,352
948,1,374,270
948,2,460,273
948,3,415,321
948,4,396,352
949,1,377,271
949,2,460,274
949,3,418,322
949,4,397,352
950,1,376,271
950,2,460,274
950,3,418,320
950,4,396,352
951,1,374,270
951,2,462,275
951,3,417,321
951,4,396,352
952,1,374,270
952,2,462,275
952,3,417,321
952,4,396,352
953,1,374,270
953,2,462,275
953,3,417,321
953,4,397,352
954,1,374,270
954,2,462,275
954,3,418,321
954,4,397,352
955,1,374,270
955,2,462,275
955,3,418,321
955,4,397,352
956,1,374,270
956,2,462,275
956,3,418,321
956,4,397,351
957,1,373,270
957,2,461,275
957,3,416,321
957,4,397,350
958,1,373,270
958,2,461,275
958,3,416,321
958,4,399,349
959,1,373,270
959,2,461,275
959,3,416,321
959,4,397,352
960,1,373,270
960,2,461,275
960,3,416,318
960,4,396,352
961,1,373,270
961,2,461,275
961,3,416,318
961,4,397,352
962,1,373,270
962,2,461,275
962,3,414,318
962,4,396,352
963,1,373,270
963,2,461,275
963,3,414,320
963,4,396,352
964,1,374,270
964,2,461,275
964,3,414,316
964,4,397,352
965,1,376,270
965,2,463,275
965,3,414,318
965,4,397,352
966,1,376,270
966,2,463,275
966,3,414,320
966,4,397,352
967,1,376,270
967,2,463,275
967,3,416,318
967,4,397,352
968,1,376,270
968,2,463,275
968,3,416,320
968,4,397,352
969,1,376,270
969,2,463,275
969,3,416,320
969,4,397,349
970,1,376,270
970,2,463,275
970,3,416,318
970,4,397,349
971,1,376,270
971,2,463,275
971,3,416,320
971,4,397,349
972,1,376,270
972,2,462,275
972,3,418,321
972,4,397,350
973,1,376,270
973,2,462,275
973,3,418,321
973,4,397,350
974,1,375,270
974,2,463,277
974,3,418,322
974,4,398,350
975,1,375,270
975,2,463,277
975,3,418,322
975,4,398,350
976,1,375,270
976,2,463,277
976,3,418,322
976,4,398,350
977,1,374,270
977,2,462,277
977,3,418,322
977,4,398,350
978,1,373,270
978,2,461,276
978,3,418,322
978,4,397,350
979,1,372,270
979,2,460,276
979,3,417,322
979,4,397,350
980,1,372,270
980,2,460,276
980,3,414,323
980,4,397,350
981,1,372,270
981,2,461,276
981,3,413,323
981,4,394,353
982,1,372,270
982,2,461,276
982,3,412,323
982,4,395,352
983,1,372,270
983,2,461,276
983,3,412,323
983,4,395,352
984,1,372,270
984,2,461,276
984,3,412,323
984,4,395,352
985,1,372,270
985,2,461,276
985,3,412,323
985,4,395,352
986,1,372,270
986,2,461,276
986,3,412,323
986,4,395,352
987,1,372,270
987,2,461,276
987,3,413,323
987,4,395,355
988,1,372,270
988,2,461,276
988,3,413,323
988,4,397,352
989,1,373,270
989,2,462,276
989,3,413,323
989,4,397,352
990,1,373,270
990,2,462,276
990,3,414,323
990,4,398,351
991,1,373,270
991,2,462,276
991,3,414,323
991,4,397,352
992,1,374,270
992,2,463,276
992,3,415,322
992,4,399,351
993,1,374,270
993,2,463,276
993,3,415,322
993,4,399,350
994,1,374,270
994,2,463,276
994,3,415,322
994,4,399,350
995,1,375,270
995,2,464,276
995,3,416,322
995,4,400,349
996,1,376,270
996,2,464,276
996,3,415,322
996,4,400,350
997,1,376,270
997,2,464,276
997,3,415,322
997,4,401,349
998,1,377,270
998,2,468,274
998,3,415,321
998,4,400,350
999,1,377,270
999,2,469,276
999,3,415,321
999,4,399,346
1000,1,377,270
1000,2,469,275
1000,3,415,321
1000,4,399,346
1001,1,377,270
1001,2,467,274
1001,3,415,320
1001,4,399,348