0,1,0,1
0,2,32633,59618368
0,3,59626064,0
0,4,34702098,0
1,1,365,291
1,2,472,293
1,3,420,349
1,4,394,399
2,1,365,291
2,2,472,293
2,3,419,358
2,4,393,400
3,1,365,291
3,2,472,293
3,3,419,358
3,4,393,400
4,1,365,291
4,2,472,293
4,3,419,358
4,4,393,400
5,1,365,291
5,2,472,293
5,3,419,358
5,4,393,400
6,1,365,291
6,2,472,293
6,3,419,358
6,4,393,400
7,1,365,291
7,2,472,293
7,3,419,358
7,4,393,400
8,1,365,291
8,2,472,293
8,3,419,358
8,4,393,400
9,1,365,291
9,2,472,293
9,3,419,358
9,4,393,400
10,1,365,291
10,2,472,293
10,3,419,358
10,4,393,400
11,1,364,291
11,2,471,295
11,3,420,352
11,4,394,400
12,1,364,291
12,2,471,295
12,3,418,355
12,4,392,400
13,1,364,291
13,2,471,295
13,3,416,356
13,4,392,400
14,1,364,291
14,2,471,295
14,3,418,355
14,4,393,400
15,1,364,291
15,2,472,294
15,3,418,358
15,4,393,400
16,1,363,291
16,2,471,294
16,3,415,356
16,4,391,399
17,1,361,292
17,2,467,295
17,3,416,359
17,4,391,401
18,1,357,294
18,2,463,297
18,3,415,360
18,4,387,402
19,1,356,294
19,2,463,297
19,3,412,357
19,4,388,403
20,1,356,294
20,2,463,297
20,3,411,360
20,4,387,403
21,1,356,294
21,2,463,297
21,3,412,359
21,4,387,403
22,1,357,293
22,2,465,296
22,3,411,358
22,4,387,403
23,1,358,292
23,2,466,295
23,3,414,355
23,4,389,403
24,1,357,292
24,2,465,295
24,3,411,356
24,4,389,403
25,1,358,294
25,2,462,297
25,3,412,357
25,4,387,403
26,1,351,293
26,2,459,296
26,3,411,360
26,4,385,403
27,1,346,294
27,2,454,296
27,3,406,359
27,4,379,404
28,1,342,296
28,2,450,297
28,3,401,362
28,4,375,405
29,1,341,296
29,2,449,298
29,3,401,359
29,4,375,406
30,1,340,296
30,2,448,299
30,3,398,362
30,4,374,404
31,1,339,295
31,2,446,299
31,3,395,361
31,4,371,402
32,1,339,293
32,2,454,296
32,3,393,358
32,4,368,400
33,1,340,292
33,2,454,300
33,3,396,357
33,4,366,398
34,1,339,293
34,2,452,300
34,3,392,359
34,4,366,397
35,1,340,292
35,2,452,295
35,3,393,359
35,4,366,398
36,1,371,292
36,2,445,293
36,3,394,353
36,4,366,398
37,1,371,292
37,2,445,293
37,3,394,353
37,4,366,398
38,1,371,292
38,2,445,293
38,3,394,353
38,4,366,398
39,1,371,292
39,2,445,293
39,3,394,353
39,4,366,398
40,1,371,292
40,2,445,293
40,3,394,353
40,4,366,398
41,1,371,292
41,2,445,293
41,3,394,353
41,4,366,398
42,1,371,292
42,2,445,293
42,3,394,353
42,4,366,398
43,1,371,292
43,2,445,293
43,3,394,353
43,4,366,398
44,1,371,292
44,2,445,293
44,3,394,353
44,4,366,398
45,1,371,292
45,2,445,293
45,3,394,353
45,4,366,398
46,1,371,292
46,2,445,293
46,3,394,353
46,4,366,398
47,1,371,292
47,2,445,293
47,3,394,353
47,4,366,398
48,1,371,292
48,2,445,293
48,3,394,353
48,4,366,398
49,1,371,292
49,2,445,293
49,3,394,353
49,4,366,398
50,1,371,292
50,2,445,293
50,3,394,353
50,4,366,398
51,1,371,292
51,2,445,293
51,3,390,317
51,4,366,398
52,1,357,273
52,2,435,278
52,3,391,318
52,4,370,353
53,1,357,273
53,2,432,281
53,3,391,318
53,4,369,353
54,1,356,274
54,2,431,281
54,3,390,319
54,4,370,352
55,1,355,276
55,2,430,282
55,3,389,321
55,4,368,356
56,1,354,277
56,2,434,285
56,3,389,322
56,4,368,355
57,1,354,277
57,2,434,281
57,3,390,323
57,4,364,359
58,1,356,275
58,2,434,282
58,3,391,323
58,4,366,356
59,1,358,278
59,2,436,282
59,3,392,323
59,4,368,356
60,1,358,278
60,2,435,283
60,3,393,323
60,4,371,357
61,1,358,278
61,2,436,285
61,3,393,323
61,4,374,358
62,1,358,278
62,2,437,284
62,3,393,323
62,4,374,358
63,1,358,278
63,2,435,284
63,3,393,323
63,4,370,357
64,1,357,280
64,2,434,284
64,3,393,323
64,4,370,357
65,1,357,280
65,2,434,284
65,3,392,323
65,4,371,357
66,1,359,280
66,2,434,284
66,3,393,323
66,4,374,357
67,1,359,280
67,2,434,284
67,3,393,323
67,4,371,359
68,1,359,280
68,2,434,284
68,3,392,323
68,4,370,359
69,1,358,280
69,2,434,285
69,3,393,324
69,4,370,359
70,1,359,281
70,2,434,286
70,3,393,324
70,4,373,359
71,1,355,280
71,2,435,286
71,3,393,324
71,4,374,359
72,1,352,279
72,2,434,285
72,3,393,324
72,4,372,359
73,1,352,279
73,2,435,283
73,3,393,324
73,4,372,359
74,1,352,279
74,2,435,283
74,3,393,324
74,4,372,359
75,1,352,279
75,2,435,283
75,3,393,324
75,4,372,359
76,1,352,279
76,2,435,283
76,3,393,324
76,4,372,359
77,1,352,279
77,2,435,283
77,3,392,324
77,4,372,359
78,1,352,279
78,2,433,283
78,3,392,324
78,4,371,359
79,1,352,279
79,2,435,284
79,3,392,324
79,4,371,359
80,1,352,279
80,2,435,284
80,3,392,324
80,4,370,357
81,1,352,279
81,2,435,284
81,3,392,324
81,4,369,357
82,1,352,279
82,2,436,285
82,3,391,324
82,4,369,357
83,1,352,279
83,2,436,285
83,3,392,324
83,4,369,358
84,1,352,279
84,2,436,285
84,3,391,324
84,4,370,358
85,1,352,279
85,2,436,284
85,3,392,325
85,4,369,358
86,1,352,279
86,2,435,284
86,3,392,325
86,4,368,358
87,1,352,279
87,2,433,284
87,3,392,325
87,4,370,357
88,1,352,279
88,2,433,284
88,3,392,325
88,4,369,357
89,1,352,279
89,2,433,284
89,3,392,325
89,4,370,357
90,1,352,279
90,2,433,284
90,3,392,325
90,4,369,357
91,1,352,279
91,2,433,284
91,3,392,325
91,4,370,359
92,1,352,279
92,2,433,284
92,3,392,325
92,4,370,358
93,1,352,279
93,2,433,284
93,3,391,325
93,4,367,356
94,1,352,279
94,2,433,284
94,3,391,325
94,4,369,358
95,1,352,279
95,2,433,284
95,3,391,325
95,4,370,358
96,1,352,279
96,2,433,284
96,3,391,325
96,4,370,358
97,1,352,279
97,2,433,284
97,3,392,325
97,4,370,356
98,1,352,279
98,2,435,282
98,3,392,325
98,4,366,356
99,1,353,279
99,2,435,282
99,3,392,325
99,4,368,356
100,1,353,279
100,2,438,283
100,3,393,325
100,4,368,356
101,1,353,279
101,2,435,284
101,3,393,325
101,4,368,358
102,1,353,279
102,2,435,284
102,3,392,325
102,4,370,357
103,1,356,274
103,2,437,284
103,3,392,325
103,4,368,357
104,1,356,274
104,2,437,282
104,3,392,325
104,4,368,358
105,1,356,274
105,2,436,283
105,3,392,325
105,4,371,357
106,1,357,274
106,2,438,284
106,3,393,325
106,4,369,358
107,1,358,274
107,2,439,284
107,3,394,325
107,4,371,357
108,1,358,274
108,2,439,284
108,3,394,325
108,4,371,357
109,1,356,274
109,2,437,283
109,3,393,325
109,4,370,357
110,1,356,274
110,2,437,283
110,3,393,325
110,4,369,358
111,1,356,274
111,2,437,283
111,3,393,325
111,4,370,357
112,1,356,274
112,2,438,284
112,3,393,325
112,4,369,358
113,1,356,274
113,2,438,284
113,3,393,325
113,4,370,358
114,1,357,280
114,2,438,284
114,3,393,325
114,4,368,359
115,1,357,280
115,2,439,289
115,3,393,325
115,4,370,358
116,1,357,280
116,2,439,289
116,3,393,325
116,4,369,357
117,1,357,280
117,2,439,289
117,3,393,325
117,4,369,358
118,1,357,280
118,2,439,289
118,3,393,325
118,4,370,359
119,1,357,280
119,2,439,289
119,3,393,325
119,4,369,358
120,1,356,280
120,2,436,286
120,3,393,325
120,4,371,358
121,1,359,281
121,2,431,285
121,3,393,325
121,4,370,358
122,1,352,279
122,2,434,285
122,3,393,325
122,4,372,358
123,1,356,276
123,2,436,282
123,3,393,325
123,4,370,358
124,1,356,276
124,2,438,285
124,3,393,325
124,4,370,357
125,1,356,276
125,2,436,285
125,3,393,325
125,4,370,358
126,1,356,276
126,2,436,284
126,3,394,326
126,4,369,357
127,1,356,276
127,2,436,284
127,3,393,325
127,4,370,358
128,1,356,276
128,2,436,284
128,3,394,326
128,4,370,357
129,1,356,276
129,2,436,285
129,3,394,326
129,4,370,358
130,1,356,278
130,2,436,285
130,3,393,325
130,4,370,357
131,1,356,278
131,2,436,285
131,3,393,325
131,4,369,358
132,1,356,278
132,2,436,283
132,3,393,325
132,4,372,358
133,1,357,278
133,2,436,284
133,3,394,329
133,4,371,358
134,1,357,281
134,2,436,285
134,3,394,329
134,4,372,358
135,1,357,281
135,2,436,288
135,3,394,329
135,4,371,356
136,1,357,281
136,2,436,288
136,3,394,329
136,4,370,355
137,1,357,281
137,2,436,288
137,3,394,329
137,4,370,358
138,1,357,281
138,2,436,288
138,3,394,329
138,4,370,357
139,1,355,280
139,2,435,284
139,3,395,329
139,4,368,357
140,1,356,278
140,2,435,285
140,3,395,329
140,4,370,356
141,1,356,278
141,2,437,285
141,3,394,329
141,4,369,357
142,1,356,278
142,2,437,285
142,3,395,329
142,4,370,358
143,1,356,278
143,2,437,285
143,3,394,329
143,4,370,357
144,1,356,278
144,2,437,285
144,3,394,329
144,4,369,358
145,1,356,278
145,2,437,285
145,3,394,329
145,4,371,359
146,1,356,278
146,2,437,285
146,3,394,329
146,4,372,358
147,1,356,278
147,2,437,285
147,3,394,329
147,4,371,357
148,1,356,278
148,2,437,285
148,3,394,329
148,4,371,357
149,1,356,280
149,2,437,285
149,3,394,329
149,4,371,357
150,1,356,280
150,2,437,285
150,3,395,329
150,4,371,358
151,1,356,280
151,2,437,285
151,3,395,329
151,4,371,357
152,1,356,280
152,2,435,285
152,3,395,329
152,4,370,357
153,1,356,280
153,2,437,288
153,3,394,329
153,4,369,358
154,1,356,280
154,2,437,288
154,3,394,329
154,4,370,357
155,1,356,280
155,2,437,288
155,3,394,329
155,4,369,358
156,1,356,280
156,2,437,288
156,3,394,329
156,4,370,357
157,1,356,280
157,2,437,288
157,3,394,329
157,4,369,358
158,1,356,280
158,2,437,288
158,3,394,329
158,4,372,357
159,1,356,280
159,2,437,288
159,3,394,329
159,4,370,358
160,1,356,281
160,2,437,288
160,3,394,329
160,4,370,357
161,1,356,281
161,2,437,288
161,3,395,330
161,4,369,358
162,1,356,281
162,2,437,288
162,3,394,329
162,4,371,359
163,1,356,281
163,2,437,288
163,3,394,329
163,4,371,359
164,1,357,281
164,2,438,284
164,3,394,329
164,4,371,359
165,1,357,281
165,2,438,284
165,3,394,329
165,4,371,359
166,1,357,281
166,2,434,288
166,3,394,329
166,4,371,359
167,1,357,281
167,2,434,288
167,3,394,330
167,4,372,358
168,1,356,281
168,2,436,284
168,3,393,329
168,4,370,360
169,1,356,281
169,2,436,284
169,3,394,329
169,4,370,360
170,1,356,281
170,2,435,283
170,3,394,329
170,4,368,360
171,1,356,281
171,2,437,284
171,3,394,329
171,4,371,358
172,1,356,281
172,2,436,286
172,3,393,329
172,4,369,360
173,1,356,281
173,2,436,286
173,3,394,329
173,4,370,358
174,1,356,281
174,2,435,286
174,3,393,329
174,4,371,358
175,1,356,281
175,2,435,286
175,3,394,329
175,4,370,358
176,1,356,281
176,2,435,286
176,3,394,329
176,4,369,358
177,1,356,281
177,2,435,286
177,3,394,329
177,4,370,358
178,1,356,281
178,2,435,286
178,3,394,329
178,4,370,359
179,1,356,281
179,2,435,286
179,3,394,329
179,4,371,359
180,1,356,281
180,2,435,286
180,3,394,329
180,4,370,359
181,1,356,281
181,2,435,286
181,3,394,329
181,4,370,360
182,1,356,281
182,2,435,286
182,3,394,330
182,4,370,359
183,1,354,282
183,2,437,287
183,3,394,330
183,4,369,359
184,1,354,282
184,2,437,287
184,3,394,330
184,4,370,359
185,1,354,282
185,2,437,287
185,3,393,330
185,4,369,359
186,1,355,282
186,2,437,287
186,3,393,329
186,4,369,359
187,1,355,282
187,2,437,285
187,3,394,329
187,4,369,359
188,1,355,282
188,2,437,285
188,3,393,328
188,4,368,360
189,1,355,282
189,2,437,285
189,3,393,328
189,4,368,360
190,1,355,282
190,2,436,285
190,3,393,328
190,4,368,360
191,1,355,282
191,2,436,285
191,3,393,328
191,4,369,360
192,1,355,282
192,2,438,287
192,3,393,328
192,4,370,358
193,1,355,282
193,2,438,287
193,3,393,328
193,4,369,358
194,1,355,282
194,2,438,287
194,3,393,328
194,4,369,359
195,1,355,282
195,2,438,287
195,3,393,328
195,4,370,359
196,1,355,282
196,2,438,287
196,3,393,328
196,4,369,359
197,1,355,282
197,2,438,287
197,3,394,329
197,4,370,359
198,1,355,282
198,2,438,287
198,3,394,329
198,4,369,361
199,1,355,282
199,2,438,287
199,3,394,329
199,4,370,359
200,1,355,282
200,2,438,287
200,3,394,329
200,4,370,359
201,1,355,282
201,2,438,287
201,3,393,328
201,4,370,359
202,1,355,282
202,2,438,287
202,3,393,328
202,4,370,359
203,1,355,282
203,2,438,287
203,3,395,330
203,4,370,359
204,1,355,282
204,2,436,284
204,3,395,330
204,4,370,359
205,1,355,282
205,2,436,284
205,3,395,330
205,4,370,359
206,1,355,282
206,2,436,284
206,3,395,330
206,4,370,359
207,1,355,282
207,2,436,287
207,3,395,330
207,4,370,359
208,1,355,282
208,2,436,287
208,3,395,330
208,4,371,359
209,1,353,282
209,2,438,285
209,3,395,330
209,4,370,359
210,1,354,282
210,2,436,285
210,3,395,330
210,4,370,359
211,1,355,282
211,2,436,285
211,3,395,330
211,4,369,360
212,1,355,282
212,2,436,285
212,3,395,330
212,4,368,359
213,1,354,282
213,2,436,287
213,3,395,330
213,4,370,360
214,1,354,282
214,2,436,287
214,3,394,330
214,4,368,359
215,1,354,282
215,2,436,287
215,3,394,330
215,4,369,359
216,1,354,282
216,2,436,287
216,3,395,330
216,4,370,359
217,1,354,282
217,2,436,287
217,3,394,330
217,4,370,360
218,1,354,282
218,2,436,287
218,3,394,330
218,4,370,359
219,1,354,279
219,2,437,285
219,3,394,330
219,4,369,359
220,1,354,279
220,2,438,286
220,3,394,330
220,4,371,359
221,1,356,279
221,2,436,286
221,3,396,331
221,4,370,359
222,1,356,279
222,2,437,288
222,3,395,330
222,4,369,358
223,1,356,279
223,2,437,288
223,3,395,330
223,4,371,359
224,1,357,279
224,2,437,288
224,3,396,330
224,4,371,358
225,1,357,279
225,2,437,288
225,3,396,330
225,4,371,357
226,1,357,279
226,2,437,288
226,3,396,330
226,4,370,358
227,1,357,279
227,2,437,288
227,3,396,330
227,4,370,359
228,1,357,279
228,2,438,288
228,3,396,330
228,4,370,358
229,1,357,279
229,2,438,288
229,3,397,330
229,4,370,359
230,1,357,279
230,2,438,288
230,3,396,330
230,4,372,360
231,1,357,279
231,2,438,288
231,3,397,330
231,4,369,357
232,1,357,279
232,2,437,288
232,3,397,330
232,4,370,358
233,1,356,279
233,2,436,288
233,3,397,330
233,4,370,357
234,1,356,279
234,2,435,284
234,3,396,330
234,4,369,359
235,1,356,279
235,2,435,284
235,3,396,330
235,4,372,359
236,1,356,279
236,2,435,284
236,3,396,330
236,4,372,359
237,1,356,279
237,2,435,285
237,3,396,330
237,4,372,359
238,1,356,279
238,2,437,286
238,3,395,330
238,4,371,359
239,1,356,279
239,2,436,286
239,3,395,330
239,4,371,359
240,1,356,279
240,2,437,288
240,3,395,330
240,4,371,358
241,1,356,279
241,2,437,288
241,3,396,330
241,4,371,359
242,1,357,279
242,2,437,285
242,3,395,330
242,4,371,359
243,1,357,279
243,2,436,288
243,3,395,330
243,4,371,358
244,1,357,279
244,2,436,288
244,3,395,330
244,4,371,358
245,1,357,281
245,2,436,288
245,3,397,331
245,4,370,359
246,1,357,281
246,2,440,286
246,3,397,331
246,4,371,361
247,1,357,281
247,2,440,286
247,3,396,331
247,4,371,360
248,1,357,283
248,2,440,286
248,3,397,331
248,4,371,358
249,1,357,283
249,2,435,289
249,3,396,331
249,4,370,359
250,1,357,283
250,2,435,289
250,3,396,331
250,4,372,361
251,1,357,283
251,2,436,289
251,3,396,331
251,4,372,363
252,1,357,283
252,2,436,289
252,3,396,331
252,4,370,363
253,1,357,283
253,2,436,289
253,3,396,331
253,4,370,361
254,1,357,283
254,2,436,289
254,3,396,331
254,4,370,359
255,1,357,283
255,2,436,289
255,3,396,331
255,4,370,359
256,1,357,283
256,2,436,289
256,3,396,331
256,4,370,359
257,1,357,283
257,2,436,289
257,3,396,331
257,4,371,361
258,1,357,283
258,2,436,289
258,3,396,331
258,4,371,361
259,1,357,283
259,2,436,289
259,3,396,331
259,4,371,361
260,1,357,283
260,2,436,289
260,3,396,331
260,4,371,359
261,1,357,283
261,2,436,289
261,3,396,331
261,4,370,359
262,1,356,283
262,2,435,289
262,3,396,331
262,4,370,359
263,1,356,283
263,2,435,289
263,3,396,331
263,4,369,361
264,1,357,283
264,2,435,289
264,3,396,331
264,4,371,358
265,1,357,283
265,2,435,289
265,3,397,331
265,4,373,358
266,1,357,283
266,2,435,289
266,3,396,331
266,4,373,360
267,1,357,283
267,2,435,289
267,3,396,331
267,4,374,360
268,1,357,283
268,2,436,289
268,3,396,331
268,4,372,360
269,1,357,283
269,2,436,289
269,3,396,331
269,4,370,360
270,1,357,283
270,2,436,289
270,3,396,331
270,4,370,358
271,1,357,283
271,2,436,289
271,3,396,331
271,4,369,360
272,1,357,283
272,2,436,289
272,3,396,331
272,4,369,358
273,1,357,283
273,2,436,289
273,3,396,331
273,4,370,360
274,1,358,283
274,2,436,289
274,3,396,331
274,4,370,357
275,1,358,283
275,2,436,289
275,3,396,331
275,4,372,359
276,1,359,283
276,2,437,289
276,3,397,331
276,4,372,361
277,1,359,283
277,2,437,289
277,3,397,331
277,4,374,361
278,1,359,283
278,2,437,289
278,3,397,331
278,4,374,361
279,1,359,283
279,2,437,289
279,3,397,331
279,4,373,361
280,1,359,283
280,2,437,289
280,3,396,331
280,4,375,363
281,1,359,283
281,2,437,289
281,3,397,331
281,4,373,363
282,1,359,283
282,2,437,289
282,3,396,331
282,4,373,363
283,1,359,283
283,2,437,289
283,3,396,331
283,4,372,363
284,1,359,283
284,2,437,289
284,3,396,331
284,4,372,363
285,1,359,283
285,2,437,289
285,3,396,331
285,4,372,363
286,1,359,283
286,2,437,289
286,3,396,331
286,4,372,363
287,1,359,283
287,2,437,289
287,3,396,331
287,4,374,363
288,1,359,283
288,2,437,289
288,3,396,331
288,4,373,363
289,1,358,283
289,2,436,288
289,3,396,331
289,4,372,363
290,1,358,283
290,2,439,287
290,3,396,331
290,4,372,363
291,1,358,283
291,2,439,287
291,3,396,331
291,4,369,363
292,1,358,283
292,2,435,287
292,3,396,331
292,4,369,362
293,1,358,283
293,2,436,287
293,3,396,331
293,4,372,360
294,1,358,283
294,2,436,287
294,3,394,330
294,4,371,360
295,1,358,283
295,2,437,291
295,3,394,330
295,4,373,361
296,1,358,283
296,2,438,288
296,3,394,330
296,4,372,363
297,1,358,283
297,2,438,288
297,3,394,330
297,4,370,362
298,1,358,283
298,2,438,288
298,3,394,330
298,4,369,360
299,1,358,283
299,2,438,288
299,3,394,330
299,4,369,360
300,1,358,283
300,2,438,288
300,3,394,330
300,4,372,360
301,1,358,283
301,2,437,287
301,3,394,330
301,4,370,360
302,1,358,283
302,2,437,290
302,3,394,330
302,4,370,357
303,1,358,283
303,2,437,290
303,3,395,330
303,4,370,360
304,1,360,283
304,2,438,286
304,3,395,330
304,4,370,360
305,1,360,283
305,2,439,289
305,3,395,330
305,4,370,360
306,1,360,283
306,2,439,289
306,3,395,330
306,4,370,360
307,1,360,283
307,2,439,289
307,3,395,330
307,4,372,360
308,1,360,283
308,2,439,289
308,3,395,330
308,4,372,360
309,1,360,283
309,2,439,289
309,3,395,330
309,4,371,359
310,1,360,283
310,2,439,289
310,3,395,330
310,4,371,361
311,1,360,283
311,2,439,289
311,3,394,330
311,4,371,361
312,1,360,283
312,2,439,289
312,3,395,330
312,4,371,361
313,1,360,283
313,2,439,288
313,3,394,330
313,4,371,361
314,1,359,282
314,2,437,287
314,3,394,330
314,4,371,360
315,1,360,282
315,2,436,288
315,3,395,330
315,4,374,360
316,1,360,282
316,2,436,288
316,3,395,330
316,4,373,360
317,1,357,281
317,2,436,287
317,3,395,330
317,4,375,362
318,1,356,281
318,2,436,288
318,3,395,330
318,4,371,361
319,1,356,281
319,2,437,290
319,3,395,330
319,4,371,360
320,1,358,275
320,2,439,284
320,3,396,330
320,4,371,359
321,1,357,281
321,2,437,287
321,3,395,330
321,4,370,361
322,1,357,281
322,2,436,286
322,3,395,330
322,4,371,360
323,1,357,281
323,2,436,286
323,3,394,329
323,4,371,359
324,1,357,281
324,2,436,289
324,3,394,329
324,4,372,358
325,1,357,281
325,2,434,287
325,3,394,329
325,4,372,358
326,1,359,281
326,2,437,289
326,3,394,329
326,4,372,357
327,1,359,281
327,2,437,289
327,3,394,329
327,4,370,360
328,1,359,281
328,2,437,289
328,3,394,329
328,4,371,359
329,1,359,281
329,2,437,289
329,3,394,329
329,4,370,360
330,1,359,281
330,2,437,289
330,3,394,329
330,4,371,359
331,1,359,281
331,2,437,289
331,3,394,329
331,4,370,360
332,1,359,281
332,2,437,289
332,3,395,330
332,4,372,359
333,1,359,281
333,2,437,289
333,3,394,329
333,4,370,358
334,1,358,281
334,2,436,287
334,3,394,329
334,4,369,359
335,1,358,281
335,2,436,287
335,3,394,329
335,4,372,361
336,1,358,281
336,2,436,287
336,3,394,329
336,4,372,361
337,1,358,281
337,2,436,287
337,3,394,329
337,4,372,361
338,1,358,281
338,2,437,291
338,3,394,329
338,4,372,360
339,1,358,281
339,2,437,291
339,3,394,329
339,4,370,361
340,1,358,281
340,2,437,291
340,3,393,329
340,4,370,361
341,1,358,281
341,2,437,291
341,3,393,329
341,4,369,360
342,1,356,277
342,2,440,286
342,3,393,329
342,4,371,359
343,1,356,277
343,2,440,286
343,3,393,329
343,4,370,359
344,1,356,277
344,2,440,286
344,3,393,329
344,4,369,359
345,1,356,277
345,2,440,286
345,3,393,329
345,4,371,359
346,1,356,277
346,2,440,286
346,3,394,329
346,4,370,359
347,1,356,277
347,2,440,286
347,3,394,329
347,4,369,359
348,1,356,277
348,2,440,286
348,3,394,329
348,4,370,359
349,1,358,277
349,2,441,286
349,3,394,329
349,4,370,359
350,1,358,277
350,2,441,286
350,3,394,329
350,4,370,359
351,1,358,277
351,2,439,288
351,3,396,330
351,4,369,358
352,1,355,283
352,2,439,288
352,3,396,330
352,4,371,360
353,1,355,283
353,2,439,288
353,3,395,330
353,4,372,360
354,1,355,283
354,2,438,287
354,3,395,330
354,4,370,358
355,1,354,283
355,2,437,286
355,3,395,330
355,4,371,358
356,1,354,283
356,2,438,287
356,3,395,330
356,4,370,359
357,1,354,283
357,2,438,288
357,3,395,330
357,4,370,361
358,1,354,283
358,2,438,288
358,3,395,330
358,4,371,361
359,1,354,283
359,2,438,290
359,3,394,330
359,4,370,360
360,1,354,283
360,2,438,290
360,3,394,330
360,4,372,358
361,1,354,283
361,2,438,290
361,3,394,330
361,4,370,359
362,1,358,278
362,2,440,286
362,3,394,330
362,4,370,359
363,1,358,278
363,2,440,286
363,3,394,330
363,4,369,360
364,1,356,278
364,2,439,286
364,3,394,330
364,4,370,359
365,1,356,278
365,2,437,287
365,3,394,330
365,4,368,360
366,1,356,278
366,2,437,287
366,3,394,330
366,4,371,361
367,1,356,278
367,2,437,287
367,3,394,330
367,4,371,360
368,1,356,278
368,2,437,287
368,3,394,330
368,4,371,359
369,1,356,278
369,2,437,287
369,3,394,330
369,4,369,360
370,1,356,278
370,2,437,287
370,3,394,330
370,4,368,359
371,1,356,278
371,2,437,286
371,3,393,329
371,4,368,359
372,1,356,278
372,2,437,286
372,3,394,330
372,4,369,360
373,1,356,278
373,2,436,287
373,3,394,330
373,4,371,359
374,1,356,278
374,2,436,287
374,3,394,330
374,4,371,360
375,1,356,278
375,2,436,287
375,3,394,330
375,4,370,359
376,1,356,278
376,2,436,287
376,3,394,330
376,4,368,360
377,1,356,278
377,2,436,287
377,3,394,330
377,4,370,359
378,1,358,278
378,2,435,286
378,3,394,330
378,4,370,360
379,1,358,278
379,2,438,288
379,3,394,330
379,4,370,360
380,1,358,278
380,2,439,285
380,3,394,330
380,4,371,361
381,1,358,278
381,2,439,286
381,3,394,330
381,4,372,360
382,1,359,281
382,2,437,289
382,3,394,330
382,4,372,360
383,1,359,281
383,2,437,289
383,3,394,330
383,4,371,360
384,1,359,281
384,2,436,289
384,3,394,330
384,4,371,359
385,1,359,281
385,2,436,289
385,3,394,330
385,4,372,360
386,1,359,281
386,2,439,287
386,3,395,331
386,4,372,362
387,1,359,281
387,2,437,289
387,3,394,331
387,4,370,361
388,1,359,281
388,2,437,289
388,3,395,331
388,4,369,360
389,1,359,281
389,2,437,289
389,3,394,331
389,4,370,361
390,1,360,281
390,2,438,290
390,3,395,331
390,4,370,360
391,1,360,281
391,2,438,290
391,3,395,331
391,4,370,361
392,1,360,281
392,2,438,290
392,3,395,331
392,4,369,362
393,1,360,281
393,2,438,290
393,3,395,331
393,4,369,362
394,1,360,281
394,2,438,290
394,3,394,330
394,4,370,361
395,1,360,281
395,2,438,290
395,3,395,331
395,4,370,362
396,1,360,281
396,2,438,290
396,3,393,330
396,4,370,362
397,1,358,281
397,2,440,287
397,3,393,330
397,4,369,362
398,1,358,281
398,2,440,287
398,3,394,331
398,4,370,361
399,1,358,281
399,2,436,288
399,3,393,330
399,4,370,360
400,1,358,281
400,2,435,289
400,3,393,330
400,4,371,359
401,1,358,281
401,2,435,289
401,3,394,331
401,4,372,362
402,1,358,281
402,2,435,289
402,3,394,331
402,4,371,361
403,1,358,281
403,2,436,289
403,3,392,330
403,4,372,362
404,1,358,281
404,2,437,290
404,3,392,330
404,4,368,361
405,1,358,281
405,2,437,288
405,3,392,330
405,4,367,360
406,1,358,281
406,2,437,288
406,3,392,330
406,4,370,361
407,1,358,281
407,2,437,288
407,3,392,330
407,4,369,360
408,1,358,281
408,2,437,288
408,3,392,330
408,4,369,359
409,1,358,281
409,2,437,288
409,3,392,330
409,4,370,362
410,1,359,281
410,2,438,288
410,3,392,330
410,4,371,361
411,1,359,281
411,2,434,288
411,3,392,330
411,4,371,361
412,1,359,281
412,2,434,288
412,3,392,330
412,4,371,360
413,1,359,281
413,2,436,289
413,3,392,330
413,4,371,361
414,1,359,281
414,2,439,289
414,3,393,331
414,4,372,362
415,1,358,281
415,2,439,289
415,3,393,331
415,4,370,361
416,1,358,281
416,2,437,289
416,3,392,330
416,4,368,360
417,1,358,281
417,2,437,290
417,3,392,330
417,4,369,361
418,1,358,281
418,2,437,290
418,3,392,330
418,4,371,362
419,1,358,281
419,2,437,290
419,3,392,330
419,4,371,361
420,1,358,281
420,2,437,290
420,3,393,331
420,4,369,362
421,1,358,281
421,2,437,290
421,3,393,331
421,4,370,363
422,1,358,281
422,2,437,290
422,3,393,331
422,4,369,362
423,1,358,281
423,2,437,288
423,3,393,331
423,4,371,361
424,1,358,281
424,2,437,288
424,3,392,330
424,4,371,361
425,1,358,281
425,2,437,288
425,3,392,330
425,4,371,360
426,1,357,281
426,2,437,286
426,3,393,331
426,4,370,360
427,1,357,281
427,2,435,290
427,3,392,330
427,4,369,359
428,1,357,281
428,2,435,290
428,3,392,330
428,4,370,362
429,1,357,281
429,2,435,290
429,3,392,331
429,4,369,359
430,1,357,281
430,2,436,289
430,3,392,331
430,4,371,362
431,1,357,281
431,2,436,289
431,3,392,331
431,4,370,360
432,1,357,281
432,2,436,289
432,3,392,331
432,4,370,360
433,1,357,281
433,2,436,290
433,3,392,331
433,4,368,359
434,1,357,281
434,2,436,290
434,3,392,331
434,4,368,362
435,1,357,281
435,2,436,290
435,3,392,331
435,4,367,361
436,1,357,281
436,2,436,288
436,3,392,331
436,4,369,362
437,1,357,281
437,2,436,288
437,3,392,331
437,4,370,359
438,1,359,281
438,2,434,290
438,3,392,331
438,4,370,359
439,1,359,281
439,2,434,290
439,3,392,331
439,4,370,359
440,1,359,281
440,2,434,290
440,3,392,331
440,4,370,359
441,1,359,281
441,2,434,290
441,3,392,331
441,4,371,362
442,1,359,281
442,2,434,290
442,3,392,331
442,4,372,362
443,1,359,281
443,2,434,290
443,3,392,331
443,4,370,361
444,1,359,281
444,2,434,290
444,3,392,331
444,4,370,363
445,1,359,281
445,2,434,290
445,3,392,331
445,4,369,364
446,1,359,281
446,2,434,290
446,3,392,331
446,4,370,362
447,1,359,281
447,2,434,290
447,3,392,331
447,4,370,361
448,1,359,281
448,2,434,290
448,3,392,331
448,4,369,364
449,1,359,281
449,2,434,290
449,3,392,331
449,4,369,364
450,1,359,281
450,2,434,289
450,3,392,331
450,4,370,362
451,1,359,281
451,2,434,289
451,3,392,331
451,4,371,363
452,1,359,281
452,2,434,290
452,3,392,331
452,4,370,364
453,1,359,281
453,2,434,290
453,3,392,331
453,4,370,363
454,1,359,281
454,2,434,290
454,3,393,331
454,4,369,364
455,1,358,281
455,2,434,290
455,3,392,331
455,4,370,363
456,1,358,281
456,2,434,290
456,3,392,331
456,4,370,362
457,1,358,281
457,2,434,290
457,3,392,331
457,4,369,363
458,1,358,281
458,2,434,290
458,3,392,331
458,4,369,362
459,1,358,281
459,2,434,288
459,3,392,331
459,4,371,361
460,1,358,281
460,2,434,288
460,3,391,331
460,4,369,362
461,1,358,281
461,2,434,288
461,3,392,331
461,4,371,363
462,1,358,281
462,2,436,288
462,3,392,331
462,4,371,362
463,1,359,281
463,2,435,289
463,3,391,330
463,4,374,361
464,1,359,281
464,2,435,290
464,3,391,330
464,4,369,362
465,1,359,281
465,2,435,290
465,3,391,330
465,4,371,363
466,1,359,281
466,2,435,290
466,3,393,331
466,4,371,363
467,1,361,281
467,2,439,289
467,3,393,331
467,4,371,364
468,1,361,281
468,2,436,289
468,3,393,331
468,4,369,363
469,1,361,281
469,2,436,288
469,3,393,331
469,4,372,362
470,1,361,281
470,2,436,289
470,3,392,331
470,4,370,363
471,1,361,281
471,2,434,289
471,3,392,331
471,4,370,364
472,1,361,281
472,2,436,289
472,3,393,331
472,4,370,363
473,1,361,281
473,2,436,289
473,3,392,331
473,4,371,364
474,1,361,281
474,2,436,288
474,3,392,331
474,4,369,363
475,1,361,281
475,2,434,289
475,3,392,331
475,4,370,364
476,1,361,281
476,2,434,289
476,3,392,331
476,4,369,361
477,1,361,281
477,2,434,289
477,3,392,331
477,4,369,363
478,1,361,281
478,2,434,289
478,3,393,331
478,4,369,363
479,1,361,281
479,2,436,289
479,3,392,330
479,4,371,363
480,1,361,281
480,2,436,288
480,3,392,330
480,4,372,364
481,1,361,281
481,2,436,289
481,3,393,331
481,4,370,363
482,1,361,281
482,2,436,289
482,3,393,331
482,4,371,364
483,1,361,281
483,2,436,288
483,3,393,331
483,4,370,363
484,1,361,281
484,2,436,288
484,3,392,330
484,4,370,362
485,1,361,281
485,2,436,291
485,3,392,330
485,4,370,363
486,1,361,281
486,2,436,291
486,3,392,330
486,4,370,363
487,1,361,281
487,2,436,291
487,3,392,331
487,4,370,363
488,1,361,281
488,2,436,291
488,3,391,330
488,4,369,364
489,1,361,281
489,2,436,291
489,3,392,330
489,4,369,361
490,1,361,281
490,2,436,291
490,3,392,330
490,4,368,362
491,1,361,281
491,2,436,291
491,3,391,330
491,4,369,361
492,1,361,281
492,2,436,291
492,3,391,330
492,4,370,362
493,1,361,281
493,2,436,291
493,3,391,330
493,4,369,363
494,1,361,281
494,2,436,291
494,3,392,331
494,4,369,363
495,1,361,281
495,2,436,291
495,3,392,331
495,4,370,362
496,1,361,281
496,2,436,291
496,3,392,331
496,4,368,361
497,1,361,281
497,2,436,291
497,3,392,331
497,4,368,363
498,1,362,281
498,2,437,291
498,3,391,330
498,4,370,363
499,1,363,281
499,2,437,291
499,3,392,330
499,4,369,364
500,1,363,281
500,2,437,291
500,3,391,330
500,4,368,362
501,1,363,281
501,2,437,291
501,3,391,330
501,4,370,362
502,1,363,281
502,2,437,291
502,3,393,331
502,4,370,363
503,1,363,281
503,2,437,291
503,3,392,330
503,4,371,364
504,1,363,281
504,2,434,290
504,3,392,330
504,4,370,361
505,1,363,281
505,2,434,290
505,3,392,330
505,4,370,362
506,1,363,281
506,2,434,290
506,3,392,330
506,4,369,363
507,1,363,281
507,2,434,290
507,3,392,330
507,4,371,362
508,1,363,281
508,2,434,290
508,3,392,330
508,4,370,363
509,1,362,281
509,2,434,290
509,3,392,330
509,4,372,362
510,1,357,282
510,2,434,290
510,3,392,330
510,4,370,361
511,1,357,282
511,2,434,290
511,3,393,331
511,4,370,362
512,1,357,282
512,2,434,290
512,3,392,330
512,4,372,361
513,1,357,282
513,2,434,290
513,3,392,330
513,4,372,361
514,1,357,282
514,2,434,290
514,3,392,330
514,4,370,362
515,1,356,282
515,2,437,288
515,3,392,330
515,4,370,362
516,1,356,282
516,2,437,288
516,3,392,330
516,4,368,362
517,1,356,282
517,2,435,288
517,3,392,330
517,4,368,362
518,1,356,282
518,2,435,288
518,3,392,330
518,4,367,361
519,1,356,282
519,2,435,288
519,3,391,330
519,4,370,363
520,1,356,282
520,2,435,288
520,3,391,330
520,4,370,363
521,1,356,282
521,2,435,288
521,3,391,330
521,4,368,361
522,1,356,282
522,2,437,291
522,3,391,330
522,4,370,362
523,1,356,282
523,2,436,290
523,3,392,330
523,4,370,362
524,1,356,282
524,2,436,291
524,3,392,330
524,4,370,359
525,1,356,282
525,2,436,291
525,3,392,330
525,4,368,362
526,1,356,282
526,2,436,291
526,3,392,331
526,4,369,361
527,1,358,282
527,2,438,286
527,3,392,330
527,4,368,363
528,1,358,282
528,2,436,288
528,3,392,330
528,4,370,360
529,1,357,282
529,2,435,289
529,3,392,331
529,4,372,359
530,1,357,282
530,2,436,288
530,3,392,331
530,4,373,363
531,1,357,282
531,2,436,288
531,3,392,331
531,4,372,363
532,1,357,282
532,2,436,288
532,3,393,331
532,4,372,363
533,1,357,282
533,2,436,289
533,3,392,330
533,4,369,361
534,1,357,282
534,2,436,289
534,3,393,331
534,4,369,360
535,1,357,282
535,2,436,289
535,3,392,330
535,4,369,361
536,1,357,282
536,2,436,289
536,3,392,330
536,4,369,362
537,1,357,282
537,2,434,289
537,3,392,330
537,4,369,359
538,1,357,282
538,2,434,289
538,3,392,330
538,4,372,360
539,1,357,282
539,2,434,289
539,3,392,330
539,4,371,361
540,1,356,284
540,2,434,289
540,3,392,330
540,4,372,363
541,1,356,284
541,2,434,289
541,3,392,330
541,4,370,363
542,1,356,284
542,2,434,289
542,3,392,330
542,4,371,363
543,1,356,284
543,2,434,289
543,3,392,330
543,4,371,363
544,1,356,284
544,2,434,289
544,3,392,330
544,4,371,363
545,1,355,284
545,2,437,290
545,3,391,330
545,4,372,363
546,1,354,284
546,2,437,290
546,3,392,331
546,4,368,363
547,1,354,284
547,2,437,290
547,3,392,331
547,4,367,361
548,1,354,284
548,2,437,290
548,3,391,330
548,4,368,362
549,1,354,284
549,2,437,290
549,3,391,330
549,4,367,362
550,1,354,284
550,2,437,290
550,3,391,330
550,4,369,360
551,1,354,284
551,2,437,290
551,3,391,330
551,4,369,361
552,1,354,284
552,2,437,290
552,3,391,330
552,4,369,362
553,1,354,284
553,2,437,290
553,3,392,331
553,4,367,362
554,1,354,284
554,2,437,290
554,3,392,331
554,4,368,360
555,1,354,284
555,2,437,290
555,3,392,331
555,4,367,361
556,1,354,284
556,2,437,290
556,3,392,331
556,4,369,362
557,1,359,285
557,2,438,291
557,3,392,331
557,4,369,361
558,1,358,285
558,2,435,287
558,3,392,331
558,4,368,361
559,1,357,285
559,2,436,291
559,3,392,331
559,4,371,361
560,1,357,285
560,2,436,291
560,3,392,331
560,4,369,363
561,1,357,285
561,2,436,291
561,3,393,331
561,4,370,361
562,1,357,285
562,2,434,289
562,3,392,331
562,4,367,363
563,1,357,285
563,2,434,289
563,3,392,331
563,4,370,361
564,1,357,285
564,2,434,289
564,3,392,331
564,4,369,363
565,1,357,285
565,2,434,289
565,3,392,331
565,4,370,363
566,1,357,285
566,2,434,289
566,3,392,331
566,4,370,363
567,1,357,285
567,2,434,289
567,3,392,331
567,4,370,363
568,1,357,285
568,2,434,289
568,3,392,331
568,4,370,363
569,1,357,285
569,2,434,289
569,3,392,331
569,4,370,363
570,1,357,285
570,2,434,289
570,3,392,331
570,4,370,363
571,1,357,285
571,2,434,289
571,3,392,329
571,4,370,363
572,1,357,285
572,2,434,289
572,3,392,329
572,4,370,363
573,1,357,285
573,2,434,289
573,3,392,329
573,4,370,363
574,1,357,285
574,2,434,289
574,3,392,329
574,4,370,363
575,1,357,285
575,2,434,289
575,3,392,329
575,4,370,363
576,1,357,285
576,2,434,289
576,3,392,329
576,4,370,363
577,1,357,285
577,2,434,289
577,3,392,329
577,4,370,363
578,1,357,285
578,2,434,289
578,3,392,329
578,4,370,363
579,1,357,285
579,2,434,289
579,3,392,329
579,4,370,363
580,1,357,285
580,2,434,289
580,3,392,329
580,4,370,363
581,1,355,281
581,2,436,287
581,3,391,326
581,4,369,363
582,1,355,281
582,2,436,288
582,3,391,326
582,4,370,361
583,1,355,281
583,2,436,288
583,3,391,330
583,4,370,361
584,1,355,281
584,2,436,288
584,3,391,330
584,4,368,361
585,1,355,281
585,2,434,288
585,3,391,330
585,4,368,361
586,1,355,281
586,2,436,288
586,3,391,330
586,4,369,361
587,1,355,281
587,2,435,286
587,3,391,330
587,4,369,362
588,1,355,281
588,2,437,288
588,3,391,331
588,4,370,358
589,1,355,281
589,2,437,288
589,3,391,331
589,4,367,358
590,1,355,281
590,2,437,288
590,3,391,331
590,4,368,359
591,1,355,281
591,2,438,288
591,3,391,331
591,4,368,361
592,1,355,281
592,2,435,289
592,3,391,331
592,4,368,362
593,1,354,281
593,2,435,289
593,3,391,331
593,4,369,360
594,1,354,281
594,2,436,289
594,3,391,331
594,4,370,360
595,1,354,281
595,2,437,288
595,3,391,331
595,4,370,360
596,1,354,281
596,2,437,288
596,3,391,331
596,4,369,359
597,1,354,281
597,2,437,287
597,3,391,331
597,4,370,359
598,1,354,281
598,2,436,286
598,3,391,331
598,4,368,361
599,1,354,281
599,2,434,289
599,3,390,331
599,4,367,360
600,1,353,281
600,2,435,289
600,3,391,331
600,4,370,360
601,1,353,281
601,2,434,289
601,3,390,331
601,4,368,360
602,1,353,281
602,2,434,289
602,3,389,331
602,4,367,360
603,1,352,281
603,2,433,288
603,3,388,332
603,4,366,360
604,1,352,281
604,2,433,288
604,3,387,331
604,4,367,356
605,1,352,281
605,2,432,288
605,3,388,330
605,4,367,358
606,1,352,281
606,2,432,288
606,3,388,330
606,4,367,358
607,1,352,281
607,2,432,288
607,3,388,331
607,4,367,358
608,1,353,281
608,2,432,288
608,3,388,330
608,4,367,358
609,1,353,281
609,2,434,288
609,3,388,330
609,4,367,358
610,1,351,283
610,2,435,288
610,3,388,330
610,4,367,359
611,1,351,283
611,2,434,287
611,3,388,330
611,4,366,361
612,1,351,283
612,2,433,288
612,3,389,331
612,4,368,362
613,1,351,283
613,2,433,288
613,3,389,331
613,4,369,362
614,1,351,283
614,2,433,288
614,3,389,334
614,4,369,360
615,1,351,283
615,2,433,288
615,3,390,333
615,4,367,361
616,1,351,283
616,2,433,288
616,3,390,333
616,4,367,361
617,1,351,283
617,2,433,288
617,3,390,333
617,4,368,362
618,1,351,283
618,2,433,288
618,3,389,332
618,4,366,360
619,1,351,283
619,2,434,288
619,3,389,332
619,4,367,359
620,1,351,283
620,2,433,289
620,3,389,332
620,4,368,358
621,1,351,283
621,2,433,289
621,3,389,332
621,4,367,359
622,1,351,283
622,2,433,289
622,3,389,332
622,4,368,360
623,1,351,283
623,2,433,289
623,3,389,332
623,4,368,359
624,1,351,283
624,2,433,289
624,3,389,332
624,4,368,359
625,1,351,283
625,2,432,289
625,3,389,332
625,4,367,359
626,1,351,283
626,2,432,289
626,3,388,332
626,4,367,359
627,1,351,283
627,2,432,288
627,3,388,332
627,4,367,359
628,1,351,283
628,2,434,288
628,3,390,333
628,4,367,360
629,1,351,283
629,2,434,288
629,3,390,333
629,4,367,361
630,1,351,283
630,2,434,288
630,3,391,335
630,4,368,362
631,1,351,283
631,2,434,288
631,3,390,332
631,4,367,361
632,1,351,283
632,2,434,288
632,3,390,332
632,4,368,362
633,1,351,283
633,2,434,288
633,3,390,332
633,4,366,360
634,1,355,279
634,2,434,288
634,3,390,332
634,4,366,360
635,1,357,279
635,2,436,290
635,3,390,332
635,4,368,359
636,1,357,279
636,2,436,290
636,3,390,332
636,4,368,359
637,1,357,279
637,2,436,290
637,3,390,332
637,4,367,362
638,1,357,279
638,2,436,290
638,3,390,332
638,4,369,360
639,1,357,279
639,2,436,290
639,3,390,332
639,4,368,360
640,1,357,279
640,2,436,290
640,3,391,332
640,4,366,360
641,1,357,279
641,2,436,290
641,3,389,330
641,4,366,360
642,1,357,279
642,2,436,290
642,3,389,330
642,4,367,360
643,1,357,279
643,2,436,290
643,3,389,331
643,4,367,360
644,1,357,279
644,2,436,290
644,3,389,331
644,4,368,360
645,1,357,279
645,2,436,290
645,3,389,331
645,4,367,359
646,1,357,279
646,2,436,290
646,3,389,331
646,4,365,361
647,1,357,279
647,2,436,290
647,3,390,331
647,4,368,361
648,1,357,279
648,2,436,290
648,3,389,331
648,4,366,361
649,1,357,279
649,2,436,290
649,3,389,331
649,4,367,359
650,1,357,279
650,2,436,290
650,3,389,331
650,4,367,361
651,1,357,279
651,2,436,290
651,3,389,331
651,4,367,361
652,1,357,279
652,2,436,290
652,3,390,331
652,4,367,361
653,1,356,279
653,2,436,290
653,3,389,331
653,4,367,361
654,1,356,279
654,2,436,290
654,3,389,331
654,4,368,359
655,1,356,279
655,2,436,290
655,3,389,331
655,4,366,361
656,1,355,279
656,2,436,290
656,3,389,331
656,4,366,361
657,1,355,279
657,2,436,290
657,3,389,331
657,4,366,361
658,1,355,279
658,2,436,290
658,3,389,331
658,4,367,362
659,1,355,279
659,2,435,290
659,3,389,332
659,4,368,360
660,1,355,279
660,2,435,290
660,3,389,332
660,4,365,361
661,1,355,279
661,2,435,290
661,3,389,332
661,4,367,361
662,1,356,279
662,2,436,286
662,3,389,332
662,4,369,362
663,1,358,279
663,2,436,288
663,3,390,332
663,4,368,360
664,1,358,279
664,2,435,287
664,3,388,331
664,4,367,362
665,1,358,279
665,2,435,287
665,3,389,333
665,4,370,360
666,1,358,279
666,2,436,289
666,3,389,333
666,4,368,362
667,1,358,279
667,2,436,289
667,3,389,333
667,4,366,362
668,1,358,279
668,2,436,289
668,3,389,333
668,4,366,362
669,1,358,279
669,2,437,288
669,3,389,333
669,4,367,361
670,1,358,279
670,2,437,288
670,3,389,333
670,4,368,363
671,1,358,279
671,2,437,288
671,3,389,333
671,4,367,363
672,1,358,279
672,2,437,290
672,3,389,333
672,4,367,358
673,1,358,279
673,2,437,290
673,3,389,333
673,4,366,361
674,1,358,279
674,2,436,290
674,3,389,333
674,4,366,361
675,1,358,279
675,2,436,290
675,3,389,333
675,4,366,361
676,1,356,279
676,2,439,288
676,3,389,333
676,4,367,363
677,1,356,279
677,2,436,289
677,3,389,333
677,4,367,363
678,1,356,279
678,2,436,289
678,3,389,333
678,4,367,363
679,1,356,279
679,2,436,289
679,3,389,333
679,4,369,361
680,1,356,279
680,2,435,289
680,3,389,333
680,4,368,362
681,1,355,279
681,2,435,288
681,3,389,333
681,4,366,362
682,1,355,279
682,2,435,289
682,3,388,331
682,4,367,362
683,1,355,279
683,2,435,289
683,3,388,331
683,4,367,362
684,1,355,279
684,2,435,289
684,3,388,331
684,4,368,360
685,1,355,279
685,2,435,289
685,3,388,331
685,4,367,360
686,1,355,279
686,2,435,289
686,3,388,331
686,4,367,361
687,1,357,279
687,2,435,285
687,3,388,331
687,4,369,360
688,1,357,279
688,2,436,291
688,3,389,331
688,4,371,359
689,1,357,279
689,2,436,291
689,3,388,331
689,4,367,362
690,1,357,279
690,2,436,291
690,3,388,331
690,4,367,360
691,1,357,279
691,2,436,291
691,3,386,334
691,4,366,360
692,1,357,279
692,2,436,291
692,3,386,334
692,4,366,360
693,1,357,279
693,2,436,291
693,3,386,334
693,4,367,360
694,1,357,279
694,2,436,291
694,3,386,334
694,4,367,361
695,1,357,279
695,2,436,291
695,3,386,334
695,4,366,361
696,1,358,279
696,2,436,291
696,3,386,334
696,4,365,361
697,1,358,279
697,2,436,291
697,3,386,334
697,4,367,361
698,1,358,279
698,2,436,291
698,3,386,334
698,4,368,361
699,1,358,279
699,2,436,291
699,3,386,334
699,4,368,361
700,1,358,279
700,2,436,291
700,3,386,334
700,4,365,361
701,1,358,279
701,2,436,291
701,3,386,334
701,4,365,361
702,1,356,279
702,2,436,287
702,3,385,334
702,4,367,362
703,1,356,279
703,2,437,286
703,3,385,334
703,4,369,362
704,1,356,279
704,2,437,286
704,3,385,333
704,4,369,362
705,1,356,279
705,2,436,288
705,3,385,334
705,4,368,361
706,1,356,279
706,2,436,288
706,3,386,334
706,4,366,361
707,1,356,279
707,2,436,287
707,3,385,334
707,4,365,363
708,1,356,279
708,2,436,287
708,3,385,334
708,4,369,362
709,1,356,279
709,2,436,287
709,3,385,334
709,4,369,362
710,1,356,279
710,2,437,291
710,3,385,334
710,4,369,360
711,1,356,279
711,2,436,289
711,3,386,334
711,4,367,361
712,1,356,279
712,2,436,289
712,3,386,334
712,4,367,362
713,1,358,279
713,2,437,289
713,3,385,333
713,4,369,362
714,1,359,279
714,2,437,290
714,3,385,333
714,4,369,361
715,1,359,279
715,2,437,290
715,3,385,333
715,4,367,361
716,1,359,279
716,2,437,290
716,3,385,333
716,4,367,361
717,1,359,279
717,2,437,290
717,3,385,333
717,4,367,363
718,1,359,279
718,2,437,290
718,3,385,333
718,4,367,361
719,1,359,279
719,2,434,291
719,3,385,333
719,4,367,362
720,1,359,279
720,2,436,290
720,3,385,333
720,4,371,361
721,1,359,279
721,2,436,290
721,3,385,333
721,4,366,361
722,1,359,279
722,2,437,291
722,3,385,333
722,4,366,361
723,1,359,279
723,2,437,291
723,3,385,333
723,4,366,361
724,1,359,279
724,2,437,291
724,3,385,333
724,4,366,361
725,1,359,279
725,2,437,291
725,3,385,333
725,4,366,362
726,1,359,279
726,2,437,291
726,3,385,333
726,4,367,360
727,1,359,279
727,2,437,291
727,3,385,333
727,4,367,362
728,1,359,279
728,2,437,291
728,3,385,333
728,4,366,360
729,1,358,279
729,2,436,291
729,3,385,333
729,4,367,360
730,1,358,279
730,2,436,291
730,3,385,333
730,4,366,360
731,1,357,279
731,2,435,291
731,3,385,333
731,4,366,361
732,1,357,279
732,2,435,291
732,3,385,333
732,4,365,361
733,1,358,279
733,2,435,291
733,3,385,333
733,4,365,361
734,1,358,279
734,2,435,291
734,3,384,333
734,4,365,361
735,1,359,279
735,2,435,291
735,3,385,333
735,4,367,363
736,1,359,279
736,2,435,291
736,3,385,333
736,4,369,362
737,1,359,279
737,2,435,291
737,3,385,333
737,4,369,362
738,1,360,279
738,2,433,290
738,3,385,333
738,4,370,362
739,1,361,279
739,2,433,288
739,3,385,333
739,4,367,361
740,1,361,279
740,2,435,290
740,3,385,333
740,4,369,363
741,1,357,284
741,2,435,290
741,3,385,333
741,4,369,365
742,1,357,284
742,2,435,290
742,3,385,333
742,4,370,364
743,1,357,284
743,2,435,290
743,3,385,333
743,4,368,363
744,1,357,284
744,2,435,290
744,3,385,333
744,4,371,363
745,1,357,284
745,2,435,290
745,3,385,333
745,4,370,364
746,1,357,284
746,2,435,290
746,3,385,333
746,4,369,363
747,1,357,284
747,2,435,290
747,3,385,333
747,4,370,362
748,1,357,284
748,2,435,290
748,3,385,333
748,4,371,363
749,1,359,285
749,2,435,291
749,3,385,333
749,4,371,362
750,1,358,285
750,2,435,291
750,3,385,333
750,4,370,363
751,1,353,284
751,2,435,288
751,3,385,333
751,4,370,364
752,1,353,284
752,2,435,288
752,3,385,333
752,4,367,361
753,1,350,283
753,2,435,289
753,3,385,333
753,4,368,362
754,1,349,283
754,2,435,289
754,3,385,333
754,4,368,362
755,1,349,283
755,2,435,289
755,3,385,333
755,4,366,360
756,1,349,283
756,2,435,289
756,3,385,333
756,4,366,362
757,1,350,283
757,2,436,289
757,3,385,333
757,4,367,360
758,1,353,283
758,2,440,290
758,3,388,333
758,4,370,360
759,1,353,283
759,2,440,290
759,3,388,333
759,4,371,357
760,1,353,283
760,2,440,290
760,3,388,333
760,4,372,362
761,1,352,283
761,2,439,290
761,3,387,333
761,4,369,361
762,1,352,283
762,2,439,290
762,3,387,333
762,4,370,362
763,1,352,283
763,2,439,290
763,3,387,333
763,4,369,361
764,1,352,283
764,2,439,290
764,3,387,334
764,4,370,362
765,1,352,283
765,2,439,290
765,3,387,334
765,4,369,361
766,1,352,283
766,2,439,290
766,3,387,333
766,4,371,362
767,1,352,283
767,2,439,290
767,3,387,334
767,4,370,361
768,1,352,283
768,2,439,290
768,3,387,334
768,4,369,362
769,1,352,283
769,2,438,290
769,3,387,334
769,4,370,361
770,1,352,283
770,2,438,290
770,3,387,334
770,4,368,362
771,1,353,284
771,2,437,290
771,3,386,334
771,4,369,362
772,1,351,283
772,2,437,289
772,3,390,334
772,4,369,362
773,1,351,283
773,2,437,289
773,3,390,334
773,4,368,362
774,1,352,283
774,2,438,289
774,3,391,334
774,4,367,362
775,1,352,283
775,2,436,287
775,3,391,334
775,4,367,362
776,1,351,283
776,2,436,288
776,3,391,334
776,4,369,362
777,1,351,283
777,2,437,290
777,3,390,336
777,4,369,363
778,1,352,283
778,2,437,290
778,3,390,336
778,4,368,364
779,1,352,283
779,2,437,290
779,3,389,334
779,4,368,364
780,1,352,283
780,2,437,290
780,3,389,334
780,4,368,364
781,1,352,283
781,2,437,290
781,3,389,334
781,4,368,364
782,1,352,283
782,2,437,290
782,3,389,334
782,4,370,359
783,1,352,283
783,2,436,290
783,3,389,334
783,4,368,362
784,1,351,283
784,2,440,289
784,3,388,334
784,4,368,364
785,1,351,283
785,2,440,289
785,3,388,334
785,4,368,362
786,1,351,283
786,2,440,289
786,3,388,334
786,4,368,364
787,1,351,283
787,2,440,289
787,3,388,334
787,4,368,362
788,1,352,283
788,2,441,289
788,3,389,334
788,4,368,364
789,1,352,283
789,2,441,289
789,3,389,334
789,4,369,362
790,1,352,283
790,2,441,289
790,3,389,334
790,4,369,362
791,1,352,283
791,2,441,289
791,3,389,334
791,4,369,364
792,1,352,283
792,2,441,289
792,3,389,334
792,4,370,362
793,1,352,283
793,2,441,289
793,3,389,334
793,4,368,364
794,1,352,283
794,2,441,289
794,3,389,334
794,4,367,362
795,1,352,283
795,2,441,289
795,3,389,334
795,4,369,364
796,1,352,283
796,2,441,289
796,3,389,334
796,4,369,362
797,1,352,283
797,2,441,289
797,3,389,334
797,4,369,362
798,1,351,283
798,2,441,289
798,3,389,334
798,4,369,362
799,1,351,283
799,2,436,290
799,3,389,334
799,4,370,363
800,1,351,283
800,2,436,290
800,3,389,334
800,4,370,364
801,1,352,283
801,2,438,288
801,3,389,334
801,4,367,362
802,1,352,283
802,2,437,289
802,3,389,334
802,4,367,362
803,1,352,283
803,2,439,292
803,3,391,333
803,4,368,364
804,1,352,283
804,2,439,292
804,3,391,333
804,4,368,363
805,1,352,283
805,2,439,292
805,3,391,333
805,4,367,364
806,1,352,283
806,2,439,292
806,3,391,333
806,4,370,363
807,1,352,283
807,2,439,292
807,3,391,333
807,4,371,363
808,1,352,283
808,2,439,292
808,3,391,333
808,4,369,364
809,1,352,283
809,2,439,292
809,3,390,333
809,4,370,363
810,1,352,283
810,2,439,292
810,3,391,333
810,4,368,364
811,1,352,283
811,2,439,292
811,3,390,333
811,4,369,363
812,1,352,283
812,2,439,292
812,3,390,333
812,4,369,363
813,1,352,283
813,2,439,292
813,3,390,333
813,4,369,363
814,1,352,283
814,2,439,292
814,3,390,332
814,4,368,363
815,1,352,283
815,2,439,292
815,3,390,333
815,4,367,362
816,1,352,283
816,2,439,292
816,3,390,333
816,4,369,363
817,1,352,283
817,2,439,292
817,3,390,332
817,4,370,362
818,1,352,283
818,2,439,292
818,3,390,333
818,4,369,361
819,1,352,283
819,2,438,292
819,3,390,333
819,4,369,362
820,1,352,283
820,2,438,292
820,3,390,333
820,4,368,363
821,1,352,283
821,2,438,292
821,3,390,333
821,4,368,364
822,1,352,283
822,2,438,292
822,3,390,333
822,4,366,363
823,1,352,283
823,2,439,292
823,3,390,333
823,4,366,363
824,1,352,283
824,2,439,292
824,3,390,333
824,4,366,363
825,1,352,283
825,2,439,292
825,3,390,333
825,4,367,364
826,1,352,283
826,2,439,292
826,3,390,333
826,4,368,363
827,1,352,283
827,2,439,292
827,3,391,333
827,4,366,364
828,1,352,283
828,2,439,292
828,3,390,333
828,4,369,363
829,1,352,283
829,2,439,292
829,3,390,333
829,4,369,364
830,1,352,283
830,2,439,292
830,3,390,333
830,4,369,364
831,1,352,283
831,2,439,292
831,3,390,333
831,4,368,361
832,1,352,283
832,2,439,292
832,3,390,333
832,4,367,364
833,1,352,283
833,2,439,292
833,3,390,333
833,4,369,363
834,1,352,283
834,2,439,292
834,3,390,333
834,4,369,364
835,1,352,283
835,2,439,292
835,3,390,333
835,4,367,363
836,1,352,283
836,2,438,292
836,3,390,333
836,4,370,362
837,1,352,283
837,2,438,292
837,3,390,333
837,4,369,361
838,1,351,283
838,2,438,292
838,3,390,333
838,4,369,361
839,1,352,283
839,2,438,292
839,3,390,333
839,4,368,364
840,1,353,283
840,2,439,292
840,3,390,333
840,4,368,364
841,1,353,283
841,2,439,292
841,3,391,333
841,4,369,361
842,1,353,283
842,2,439,292
842,3,391,333
842,4,368,364
843,1,353,283
843,2,439,292
843,3,391,333
843,4,368,363
844,1,353,283
844,2,439,292
844,3,391,333
844,4,366,364
845,1,353,283
845,2,439,292
845,3,391,333
845,4,367,363
846,1,353,283
846,2,439,292
846,3,391,333
846,4,368,364
847,1,353,283
847,2,439,292
847,3,391,333
847,4,368,363
848,1,353,283
848,2,439,292
848,3,391,333
848,4,368,363
849,1,352,283
849,2,438,292
849,3,390,333
849,4,368,364
850,1,352,283
850,2,438,292
850,3,390,333
850,4,368,363
851,1,351,283
851,2,438,292
851,3,390,333
851,4,367,364
852,1,351,283
852,2,438,292
852,3,390,333
852,4,370,362
853,1,351,283
853,2,438,292
853,3,390,333
853,4,369,363
854,1,351,283
854,2,439,292
854,3,390,333
854,4,368,364
855,1,351,283
855,2,440,292
855,3,391,333
855,4,367,361
856,1,351,283
856,2,438,292
856,3,391,334
856,4,367,361
857,1,351,283
857,2,438,292
857,3,391,334
857,4,368,364
858,1,351,283
858,2,438,292
858,3,391,334
858,4,369,363
859,1,351,283
859,2,438,292
859,3,391,334
859,4,369,364
860,1,351,283
860,2,438,292
860,3,391,334
860,4,370,364
861,1,351,283
861,2,438,292
861,3,391,334
861,4,369,363
862,1,351,283
862,2,438,292
862,3,391,334
862,4,368,362
863,1,351,283
863,2,438,292
863,3,391,334
863,4,367,363
864,1,351,283
864,2,438,292
864,3,391,334
864,4,368,362
865,1,350,283
865,2,437,292
865,3,390,334
865,4,369,363
866,1,349,283
866,2,437,292
866,3,390,334
866,4,367,364
867,1,348,283
867,2,436,292
867,3,389,334
867,4,368,363
868,1,348,283
868,2,436,292
868,3,389,334
868,4,367,362
869,1,349,283
869,2,444,288
869,3,390,334
869,4,366,364
870,1,349,283
870,2,442,289
870,3,390,336
870,4,367,364
871,1,349,283
871,2,442,289
871,3,390,336
871,4,369,364
872,1,349,283
872,2,442,289
872,3,389,336
872,4,368,362
873,1,349,283
873,2,442,289
873,3,388,336
873,4,368,362
874,1,349,283
874,2,442,289
874,3,388,336
874,4,367,366
875,1,349,283
875,2,442,289
875,3,388,336
875,4,367,364
876,1,349,283
876,2,442,289
876,3,388,336
876,4,369,364
877,1,349,283
877,2,442,289
877,3,388,336
877,4,369,364
878,1,349,283
878,2,442,289
878,3,387,336
878,4,368,362
879,1,349,283
879,2,442,289
879,3,387,336
879,4,368,364
880,1,349,283
880,2,442,289
880,3,387,336
880,4,367,362
881,1,348,283
881,2,442,289
881,3,386,336
881,4,367,362
882,1,348,283
882,2,437,290
882,3,386,336
882,4,365,366
883,1,348,283
883,2,437,290
883,3,387,336
883,4,370,364
884,1,348,283
884,2,437,290
884,3,386,336
884,4,369,364
885,1,349,283
885,2,438,290
885,3,387,336
885,4,369,364
886,1,349,283
886,2,438,290
886,3,387,336
886,4,370,362
887,1,349,283
887,2,438,290
887,3,387,336
887,4,369,363
888,1,349,283
888,2,438,290
888,3,387,336
888,4,370,365
889,1,349,283
889,2,438,290
889,3,387,336
889,4,369,364
890,1,349,283
890,2,440,288
890,3,387,336
890,4,370,365
891,1,349,283
891,2,440,288
891,3,387,336
891,4,369,365
892,1,349,283
892,2,440,288
892,3,387,336
892,4,370,365
893,1,349,283
893,2,440,288
893,3,387,336
893,4,369,365
894,1,349,283
894,2,440,288
894,3,387,336
894,4,370,365
895,1,349,283
895,2,440,288
895,3,387,336
895,4,369,365
896,1,349,283
896,2,440,288
896,3,387,336
896,4,369,365
897,1,349,283
897,2,439,288
897,3,387,336
897,4,369,365
898,1,349,283
898,2,439,288
898,3,387,336
898,4,369,365
899,1,350,283
899,2,439,288
899,3,387,336
899,4,369,365
900,1,350,283
900,2,439,288
900,3,387,336
900,4,368,365
901,1,350,283
901,2,439,288
901,3,388,337
901,4,367,365
902,1,350,283
902,2,441,291
902,3,389,339
902,4,368,364
903,1,350,283
903,2,441,291
903,3,389,339
903,4,369,363
904,1,350,283
904,2,441,291
904,3,392,339
904,4,369,363
905,1,350,283
905,2,441,291
905,3,392,339
905,4,370,364
906,1,350,283
906,2,441,291
906,3,390,335
906,4,368,363
907,1,350,283
907,2,442,291
907,3,390,335
907,4,368,364
908,1,350,283
908,2,440,291
908,3,390,335
908,4,369,363
909,1,350,283
909,2,440,291
909,3,390,335
909,4,369,363
910,1,350,283
910,2,440,291
910,3,390,335
910,4,369,363
911,1,350,283
911,2,440,291
911,3,389,335
911,4,368,362
912,1,350,283
912,2,439,291
912,3,389,335
912,4,368,359
913,1,349,283
913,2,439,291
913,3,389,335
913,4,367,364
914,1,349,283
914,2,439,291
914,3,388,335
914,4,369,363
915,1,349,283
915,2,439,291
915,3,388,335
915,4,369,362
916,1,349,283
916,2,439,291
916,3,389,335
916,4,369,359
917,1,349,283
917,2,439,291
917,3,389,335
917,4,369,359
918,1,349,283
918,2,440,291
918,3,389,335
918,4,369,364
919,1,349,283
919,2,440,291
919,3,389,335
919,4,369,363
920,1,348,283
920,2,440,291
920,3,389,335
920,4,370,364
921,1,348,283
921,2,440,291
921,3,389,335
921,4,368,363
922,1,348,283
922,2,440,291
922,3,389,335
922,4,368,362
923,1,348,283
923,2,440,291
923,3,389,335
923,4,367,363
924,1,348,283
924,2,440,291
924,3,389,335
924,4,368,364
925,1,348,283
925,2,440,291
925,3,389,335
925,4,368,363
926,1,348,283
926,2,440,291
926,3,389,335
926,4,368,364
927,1,348,283
927,2,440,291
927,3,390,335
927,4,368,364
928,1,348,283
928,2,440,292
928,3,390,335
928,4,368,364
929,1,348,283
929,2,440,292
929,3,390,335
929,4,368,365
930,1,348,283
930,2,440,292
930,3,390,335
930,4,369,364
931,1,348,283
931,2,440,292
931,3,390,335
931,4,370,364
932,1,348,283
932,2,441,289
932,3,390,335
932,4,369,364
933,1,348,283
933,2,441,289
933,3,390,335
933,4,369,364
934,1,350,283
934,2,441,290
934,3,390,335
934,4,369,363
935,1,348,282
935,2,441,290
935,3,390,334
935,4,371,364
936,1,347,282
936,2,445,290
936,3,390,334
936,4,367,361
937,1,348,282
937,2,442,289
937,3,391,334
937,4,369,360
938,1,350,281
938,2,443,288
938,3,393,333
938,4,369,357
939,1,350,281
939,2,443,288
939,3,393,333
939,4,370,358