0,1,383,297
0,2,495,300
0,3,443,361
0,4,0,0
1,1,383,297
1,2,495,300
1,3,443,361
1,4,0,0
2,1,383,297
2,2,495,300
2,3,443,361
2,4,0,0
3,1,383,297
3,2,495,300
3,3,443,361
3,4,0,0
4,1,383,297
4,2,495,300
4,3,443,361
4,4,0,0
5,1,383,297
5,2,495,300
5,3,443,361
5,4,0,0
6,1,383,297
6,2,495,300
6,3,443,361
6,4,0,0
7,1,383,297
7,2,495,300
7,3,443,361
7,4,0,0
8,1,383,297
8,2,495,300
8,3,443,361
8,4,0,0
9,1,381,295
9,2,497,300
9,3,445,356
9,4,0,0
10,1,381,295
10,2,497,300
10,3,445,357
10,4,414,415
11,1,381,295
11,2,497,300
11,3,445,362
11,4,415,413
12,1,381,296
12,2,497,301
12,3,445,365
12,4,416,415
13,1,381,296
13,2,498,301
13,3,447,363
13,4,415,413
14,1,381,296
14,2,498,301
14,3,446,363
14,4,418,413
15,1,381,296
15,2,497,301
15,3,446,366
15,4,415,413
16,1,380,297
16,2,494,302
16,3,445,360
16,4,415,415
17,1,380,297
17,2,493,302
17,3,444,364
17,4,416,411
18,1,380,297
18,2,493,302
18,3,444,363
18,4,415,411
19,1,380,298
19,2,493,303
19,3,444,363
19,4,416,410
20,1,378,299
20,2,490,304
20,3,441,366
20,4,412,410
21,1,374,293
21,2,484,300
21,3,432,361
21,4,404,404
22,1,374,293
22,2,484,300
22,3,432,361
22,4,404,404
23,1,360,267
23,2,443,268
23,3,399,311
23,4,378,351
24,1,359,267
24,2,434,269
24,3,392,308
24,4,373,339
25,1,363,262
25,2,435,266
25,3,397,300
25,4,383,332
26,1,364,262
26,2,437,267
26,3,398,301
26,4,384,333
27,1,364,263
27,2,437,267
27,3,398,302
27,4,382,334
28,1,361,265
28,2,435,269
28,3,395,304
28,4,378,334
29,1,358,267
29,2,432,268
29,3,391,306
29,4,375,338
30,1,355,269
30,2,431,274
30,3,389,309
30,4,375,338
31,1,354,270
31,2,429,274
31,3,389,318
31,4,374,342
32,1,352,270
32,2,429,273
32,3,386,316
32,4,369,342
33,1,348,272
33,2,420,277
33,3,383,323
33,4,365,344
34,1,348,272
34,2,420,277
34,3,383,323
34,4,365,344
35,1,348,272
35,2,420,277
35,3,383,323
35,4,365,344
36,1,348,272
36,2,420,277
36,3,383,323
36,4,365,344
37,1,348,272
37,2,420,277
37,3,383,323
37,4,365,344
38,1,348,272
38,2,420,277
38,3,383,323
38,4,365,344
39,1,348,272
39,2,420,277
39,3,383,323
39,4,365,344
40,1,348,272
40,2,420,277
40,3,383,323
40,4,365,344
41,1,348,272
41,2,420,277
41,3,383,323
41,4,365,344
42,1,348,272
42,2,420,277
42,3,383,323
42,4,365,344
43,1,348,272
43,2,420,277
43,3,383,323
43,4,365,344
44,1,348,272
44,2,420,277
44,3,383,323
44,4,365,344
45,1,348,272
45,2,420,277
45,3,383,323
45,4,365,344
46,1,348,272
46,2,420,277
46,3,383,323
46,4,365,344
47,1,348,272
47,2,420,277
47,3,383,323
47,4,365,344
48,1,348,272
48,2,420,277
48,3,383,323
48,4,365,344
49,1,348,272
49,2,420,277
49,3,383,323
49,4,365,344
50,1,348,272
50,2,420,277
50,3,383,323
50,4,365,344
51,1,348,272
51,2,420,277
51,3,383,323
51,4,365,344
52,1,12,36
52,2,22,20
52,3,36,22
52,4,36,22
53,1,349,282
53,2,433,280
53,3,387,325
53,4,367,361
54,1,349,282
54,2,434,280
54,3,389,330
54,4,368,361
55,1,349,282
55,2,429,286
55,3,389,331
55,4,367,358
56,1,349,282
56,2,429,286
56,3,387,328
56,4,367,358
57,1,349,282
57,2,429,287
57,3,386,326
57,4,367,359
58,1,346,278
58,2,431,284
58,3,385,329
58,4,366,358
59,1,346,278
59,2,431,284
59,3,385,329
59,4,366,359
60,1,346,278
60,2,430,285
60,3,385,330
60,4,366,359
61,1,346,278
61,2,430,285
61,3,384,331
61,4,364,358
62,1,346,278
62,2,431,283
62,3,384,331
62,4,364,358
63,1,347,278
63,2,432,283
63,3,385,331
63,4,366,359
64,1,347,278
64,2,430,283
64,3,385,328
64,4,366,359
65,1,347,278
65,2,430,283
65,3,387,327
65,4,366,359
66,1,347,278
66,2,430,283
66,3,387,327
66,4,366,360
67,1,347,278
67,2,428,287
67,3,387,327
67,4,363,358
68,1,347,278
68,2,428,287
68,3,387,327
68,4,363,358
69,1,347,278
69,2,429,283
69,3,386,327
69,4,365,360
70,1,347,278
70,2,432,286
70,3,387,328
70,4,365,360
71,1,347,278
71,2,433,287
71,3,387,328
71,4,365,360
72,1,347,278
72,2,433,287
72,3,387,328
72,4,365,360
73,1,345,278
73,2,431,286
73,3,386,330
73,4,366,360
74,1,344,278
74,2,431,286
74,3,386,330
74,4,366,358
75,1,344,278
75,2,431,286
75,3,386,331
75,4,366,358
76,1,344,278
76,2,431,286
76,3,386,331
76,4,363,360
77,1,344,278
77,2,431,286
77,3,386,331
77,4,363,360
78,1,344,278
78,2,431,286
78,3,386,331
78,4,364,360
79,1,344,278
79,2,431,286
79,3,384,333
79,4,363,360
80,1,344,278
80,2,431,286
80,3,384,331
80,4,364,360
81,1,344,278
81,2,431,286
81,3,384,329
81,4,364,360
82,1,344,278
82,2,431,286
82,3,384,331
82,4,364,358
83,1,344,278
83,2,430,286
83,3,384,331
83,4,364,358
84,1,344,278
84,2,430,286
84,3,384,331
84,4,364,358
85,1,344,278
85,2,430,286
85,3,384,331
85,4,364,360
86,1,345,278
86,2,430,286
86,3,384,331
86,4,365,360
87,1,345,278
87,2,431,287
87,3,384,331
87,4,365,360
88,1,343,278
88,2,429,286
88,3,384,329
88,4,365,360
89,1,343,278
89,2,429,286
89,3,384,329
89,4,365,360
90,1,343,278
90,2,429,286
90,3,384,329
90,4,366,360
91,1,343,278
91,2,429,286
91,3,384,332
91,4,365,360
92,1,341,278
92,2,427,285
92,3,383,331
92,4,364,359
93,1,337,278
93,2,423,285
93,3,379,331
93,4,361,359
94,1,341,280
94,2,425,287
94,3,382,334
94,4,363,361
95,1,346,283
95,2,430,286
95,3,387,337
95,4,363,361
96,1,346,283
96,2,433,288
96,3,404,337
96,4,363,361
97,1,345,285
97,2,432,291
97,3,409,338
97,4,363,361
98,1,346,285
98,2,433,292
98,3,410,340
98,4,363,361
99,1,354,285
99,2,440,293
99,3,413,348
99,4,363,361
100,1,366,293
100,2,442,274
100,3,413,348
100,4,363,361
101,1,366,293
101,2,442,274
101,3,413,348
101,4,363,361
102,1,366,293
102,2,442,274
102,3,413,348
102,4,363,361
103,1,366,293
103,2,442,274
103,3,413,348
103,4,363,361
104,1,366,293
104,2,442,274
104,3,413,348
104,4,363,361
105,1,359,282
105,2,441,287
105,3,397,330
105,4,375,368
106,1,359,280
106,2,442,286
106,3,396,333
106,4,377,365
107,1,359,279
107,2,438,286
107,3,395,331
107,4,377,362
108,1,358,278
108,2,438,285
108,3,395,329
108,4,376,362
109,1,357,277
109,2,439,284
109,3,394,330
109,4,374,359
110,1,357,278
110,2,439,285
110,3,393,328
110,4,374,361
111,1,358,278
111,2,438,283
111,3,393,328
111,4,375,363
112,1,358,277
112,2,440,281
112,3,393,327
112,4,372,359
113,1,357,277
113,2,440,281
113,3,395,330
113,4,371,360
114,1,358,278
114,2,437,284
114,3,393,328
114,4,372,359
115,1,356,278
115,2,436,284
115,3,394,328
115,4,370,361
116,1,351,278
116,2,435,282
116,3,392,329
116,4,368,362
117,1,351,279
117,2,435,286
117,3,391,330
117,4,370,361
118,1,352,279
118,2,436,286
118,3,391,331
118,4,372,363
119,1,353,279
119,2,437,286
119,3,392,330
119,4,371,361
120,1,353,280
120,2,435,286
120,3,392,330
120,4,370,363
121,1,353,280
121,2,438,285
121,3,392,330
121,4,372,363
122,1,353,279
122,2,434,285
122,3,393,329
122,4,371,361
123,1,353,279
123,2,438,284
123,3,394,332
123,4,372,363
124,1,353,280
124,2,433,284
124,3,392,331
124,4,370,363
125,1,355,280
125,2,439,287
125,3,392,333
125,4,371,363
126,1,355,281
126,2,435,287
126,3,391,333
126,4,373,365
127,1,356,282
127,2,439,290
127,3,392,335
127,4,374,365
128,1,357,281
128,2,442,287
128,3,393,334
128,4,375,366
129,1,357,281
129,2,440,286
129,3,395,333
129,4,375,364
130,1,355,282
130,2,436,285
130,3,392,333
130,4,373,363
131,1,351,280
131,2,435,284
131,3,391,331
131,4,371,364
132,1,352,278
132,2,438,287
132,3,393,332
132,4,373,362
133,1,353,278
133,2,439,287
133,3,394,332
133,4,372,362
134,1,352,278
134,2,438,287
134,3,393,332
134,4,372,362
135,1,350,279
135,2,436,287
135,3,390,332
135,4,370,362
136,1,350,280
136,2,436,287
136,3,388,332
136,4,369,362
137,1,350,280
137,2,436,287
137,3,388,332
137,4,370,364
138,1,350,280
138,2,436,287
138,3,389,333
138,4,369,364
139,1,350,280
139,2,436,287
139,3,389,333
139,4,371,364
140,1,350,280
140,2,436,287
140,3,389,333
140,4,371,364
141,1,350,280
141,2,436,287
141,3,389,335
141,4,371,364
142,1,350,280
142,2,436,287
142,3,389,337
142,4,371,364
143,1,350,280
143,2,436,287
143,3,389,337
143,4,371,364
144,1,350,280
144,2,436,287
144,3,389,337
144,4,371,364
145,1,351,280
145,2,437,287
145,3,390,337
145,4,373,364
146,1,352,280
146,2,438,287
146,3,390,337
146,4,373,364
147,1,352,280
147,2,439,287
147,3,391,337
147,4,373,364
148,1,352,280
148,2,439,287
148,3,391,337
148,4,373,364
149,1,352,280
149,2,440,289
149,3,391,336
149,4,373,364
150,1,354,279
150,2,442,286
150,3,394,334
150,4,376,362
151,1,355,280
151,2,443,286
151,3,394,335
151,4,376,363
152,1,356,280
152,2,443,286
152,3,395,335
152,4,377,364
153,1,356,280
153,2,443,286
153,3,395,335
153,4,376,363
154,1,356,280
154,2,443,286
154,3,395,334
154,4,377,364
155,1,356,279
155,2,443,285
155,3,396,332
155,4,376,361
156,1,354,278
156,2,442,284
156,3,395,328
156,4,375,361
157,1,353,278
157,2,441,284
157,3,394,328
157,4,374,361
158,1,353,279
158,2,442,285
158,3,393,328
158,4,373,363
159,1,353,279
159,2,444,288
159,3,393,328
159,4,374,363
160,1,353,279
160,2,445,289
160,3,394,329
160,4,374,363
161,1,352,278
161,2,444,288
161,3,394,329
161,4,372,363
162,1,352,278
162,2,443,282
162,3,391,331
162,4,373,364
163,1,351,278
163,2,440,287
163,3,390,332
163,4,373,361
164,1,351,278
164,2,440,287
164,3,390,332
164,4,372,363
165,1,352,278
165,2,440,287
165,3,390,331
165,4,372,363
166,1,352,278
166,2,440,287
166,3,390,332
166,4,371,363
167,1,352,278
167,2,440,287
167,3,390,332
167,4,373,363
168,1,352,278
168,2,439,287
168,3,390,332
168,4,373,363
169,1,352,278
169,2,439,287
169,3,389,332
169,4,373,363
170,1,351,278
170,2,439,287
170,3,389,332
170,4,372,363
171,1,353,279
171,2,440,289
171,3,389,333
171,4,372,363
172,1,351,278
172,2,440,288
172,3,389,333
172,4,372,365
173,1,352,278
173,2,440,288
173,3,390,332
173,4,372,363
174,1,353,279
174,2,442,288
174,3,393,333
174,4,374,363
175,1,351,278
175,2,445,280
175,3,392,333
175,4,372,365
176,1,350,278
176,2,440,285
176,3,393,333
176,4,373,362
177,1,350,278
177,2,441,287
177,3,393,333
177,4,374,362
178,1,350,278
178,2,440,286
178,3,393,333
178,4,375,362
179,1,350,278
179,2,440,286
179,3,391,335
179,4,375,362
180,1,350,278
180,2,441,286
180,3,391,335
180,4,374,362
181,1,350,278
181,2,441,286
181,3,391,335
181,4,374,362
182,1,350,278
182,2,441,286
182,3,391,335
182,4,374,362
183,1,350,278
183,2,439,283
183,3,391,335
183,4,374,363
184,1,350,278
184,2,440,283
184,3,391,335
184,4,372,364
185,1,350,278
185,2,443,287
185,3,391,335
185,4,372,362
186,1,350,278
186,2,443,287
186,3,391,335
186,4,371,362
187,1,350,278
187,2,443,287
187,3,391,335
187,4,372,362
188,1,350,278
188,2,443,287
188,3,391,335
188,4,373,362
189,1,350,278
189,2,443,287
189,3,391,335
189,4,374,362
190,1,350,278
190,2,442,287
190,3,390,335
190,4,374,362
191,1,350,278
191,2,442,287
191,3,390,335
191,4,376,362
192,1,350,278
192,2,442,287
192,3,390,335
192,4,373,362
193,1,350,278
193,2,442,287
193,3,390,335
193,4,374,362
194,1,350,278
194,2,442,287
194,3,389,337
194,4,374,364
195,1,350,278
195,2,442,287
195,3,389,337
195,4,373,364
196,1,350,278
196,2,442,287
196,3,389,337
196,4,374,364
197,1,350,278
197,2,442,287
197,3,389,337
197,4,373,364
198,1,350,278
198,2,442,287
198,3,389,337
198,4,374,364
199,1,350,278
199,2,442,287
199,3,389,337
199,4,372,364
200,1,350,278
200,2,442,287
200,3,388,337
200,4,373,364
201,1,350,278
201,2,443,287
201,3,389,337
201,4,371,364
202,1,350,278
202,2,443,287
202,3,389,337
202,4,371,364
203,1,349,278
203,2,441,285
203,3,389,337
203,4,374,364
204,1,349,278
204,2,441,285
204,3,389,338
204,4,374,364
205,1,349,278
205,2,440,285
205,3,389,338
205,4,372,365
206,1,349,278
206,2,440,285
206,3,389,338
206,4,372,365
207,1,349,278
207,2,440,285
207,3,389,338
207,4,372,365
208,1,349,278
208,2,440,285
208,3,389,338
208,4,372,365
209,1,349,278
209,2,440,285
209,3,389,338
209,4,372,365
210,1,349,278
210,2,441,286
210,3,388,338
210,4,374,365
211,1,348,278
211,2,439,285
211,3,389,338
211,4,373,365
212,1,348,278
212,2,439,285
212,3,389,338
212,4,373,365
213,1,348,278
213,2,439,285
213,3,388,338
213,4,373,365
214,1,348,278
214,2,439,285
214,3,388,338
214,4,373,365
215,1,348,278
215,2,439,285
215,3,388,338
215,4,373,365
216,1,348,278
216,2,440,288
216,3,389,338
216,4,373,365
217,1,348,278
217,2,440,288
217,3,389,338
217,4,372,365
218,1,348,278
218,2,440,288
218,3,389,338
218,4,372,365
219,1,348,278
219,2,438,287
219,3,388,338
219,4,372,365
220,1,350,278
220,2,439,286
220,3,391,338
220,4,376,365
221,1,351,278
221,2,441,287
221,3,393,339
221,4,376,365
222,1,351,278
222,2,441,287
222,3,393,339
222,4,374,366
223,1,350,278
223,2,442,285
223,3,393,339
223,4,374,364
224,1,350,278
224,2,442,285
224,3,397,332
224,4,375,364
225,1,350,278
225,2,441,285
225,3,398,333
225,4,375,364
226,1,350,278
226,2,442,288
226,3,394,338
226,4,375,364
227,1,349,278
227,2,442,288
227,3,391,336
227,4,374,364
228,1,349,278
228,2,442,288
228,3,391,336
228,4,372,364
229,1,349,278
229,2,442,288
229,3,390,336
229,4,372,364
230,1,349,278
230,2,442,288
230,3,391,336
230,4,372,364
231,1,349,278
231,2,442,288
231,3,391,336
231,4,372,364
232,1,349,278
232,2,440,287
232,3,390,336
232,4,374,364
233,1,349,278
233,2,439,286
233,3,391,336
233,4,374,364
234,1,349,278
234,2,444,288
234,3,391,336
234,4,373,364
235,1,350,278
235,2,443,284
235,3,392,336
235,4,372,365
236,1,350,278
236,2,443,284
236,3,392,336
236,4,373,366
237,1,350,278
237,2,447,285
237,3,392,336
237,4,375,364
238,1,350,278
238,2,444,287
238,3,392,336
238,4,374,364
239,1,350,278
239,2,443,287
239,3,392,336
239,4,373,364
240,1,350,278
240,2,441,287
240,3,391,336
240,4,374,364
241,1,350,278
241,2,441,287
241,3,391,336
241,4,375,362
242,1,350,278
242,2,442,286
242,3,391,335
242,4,376,362
243,1,350,278
243,2,440,284
243,3,391,335
243,4,374,363
244,1,350,278
244,2,440,284
244,3,391,335
244,4,375,366
245,1,350,278
245,2,440,284
245,3,391,335
245,4,376,363
246,1,350,278
246,2,440,284
246,3,391,335
246,4,374,364
247,1,350,278
247,2,441,284
247,3,391,335
247,4,375,365
248,1,350,278
248,2,444,288
248,3,392,335
248,4,376,365
249,1,350,278
249,2,446,284
249,3,392,335
249,4,374,366
250,1,351,278
250,2,446,291
250,3,392,335
250,4,373,361
251,1,351,278
251,2,447,286
251,3,392,336
251,4,374,365
252,1,363,283
252,2,443,288
252,3,398,329
252,4,376,367
253,1,361,283
253,2,441,291
253,3,398,329
253,4,375,363
254,1,361,283
254,2,439,289
254,3,398,329
254,4,376,365
255,1,361,283
255,2,440,289
255,3,395,334
255,4,378,364
256,1,361,283
256,2,440,288
256,3,395,334
256,4,376,363
257,1,361,283
257,2,440,288
257,3,395,334
257,4,376,363
258,1,361,283
258,2,440,288
258,3,395,334
258,4,376,363
259,1,361,283
259,2,440,288
259,3,395,334
259,4,376,363
260,1,362,282
260,2,443,289
260,3,398,329
260,4,376,366
261,1,362,282
261,2,443,287
261,3,398,329
261,4,375,363
262,1,362,282
262,2,442,289
262,3,398,329
262,4,376,363
263,1,362,282
263,2,442,288
263,3,399,329
263,4,377,364
264,1,362,282
264,2,445,286
264,3,399,329
264,4,376,363
265,1,362,282
265,2,443,287
265,3,398,329
265,4,375,364
266,1,362,282
266,2,443,287
266,3,398,329
266,4,375,364
267,1,362,282
267,2,443,287
267,3,398,329
267,4,375,364
268,1,362,282
268,2,443,287
268,3,398,329
268,4,375,364
269,1,363,283
269,2,444,288
269,3,398,330
269,4,376,367
270,1,362,283
270,2,440,288
270,3,397,330
270,4,375,364
271,1,362,283
271,2,439,289
271,3,398,330
271,4,378,365
272,1,362,283
272,2,440,291
272,3,396,334
272,4,376,363
273,1,362,283
273,2,441,290
273,3,396,334
273,4,372,365
274,1,362,283
274,2,439,288
274,3,396,334
274,4,374,366
275,1,367,284
275,2,434,292
275,3,395,334
275,4,375,363
276,1,367,284
276,2,434,292
276,3,395,334
276,4,375,363
277,1,360,281
277,2,437,287
277,3,397,334
277,4,377,365
278,1,360,281
278,2,440,289
278,3,393,335
278,4,378,364
279,1,360,281
279,2,442,288
279,3,393,335
279,4,375,364
280,1,360,281
280,2,442,288
280,3,393,335
280,4,375,364
281,1,360,281
281,2,442,288
281,3,393,335
281,4,375,364
282,1,360,281
282,2,439,289
282,3,397,328
282,4,374,366
283,1,360,281
283,2,439,290
283,3,394,332
283,4,375,362
284,1,360,281
284,2,439,288
284,3,393,334
284,4,375,365
285,1,360,281
285,2,437,288
285,3,393,333
285,4,376,363
286,1,360,281
286,2,438,290
286,3,393,333
286,4,376,363
287,1,360,281
287,2,440,287
287,3,393,334
287,4,373,364
288,1,358,280
288,2,440,290
288,3,397,333
288,4,376,364
289,1,358,279
289,2,444,288
289,3,399,333
289,4,377,364
290,1,361,282
290,2,443,290
290,3,398,330
290,4,377,367
291,1,360,282
291,2,443,288
291,3,393,331
291,4,375,365
292,1,360,282
292,2,444,291
292,3,393,331
292,4,377,364
293,1,360,282
293,2,442,291
293,3,395,333
293,4,375,363
294,1,360,282
294,2,438,289
294,3,395,333
294,4,376,363
295,1,360,282
295,2,441,288
295,3,394,336
295,4,376,365
296,1,360,282
296,2,440,286
296,3,393,334
296,4,374,366
297,1,360,282
297,2,440,291
297,3,395,334
297,4,375,363
298,1,359,281
298,2,441,288
298,3,395,335
298,4,376,366
299,1,358,280
299,2,445,286
299,3,395,335
299,4,375,366
300,1,362,281
300,2,446,287
300,3,398,330
300,4,376,367
301,1,361,282
301,2,444,289
301,3,398,330
301,4,375,364
302,1,357,282
302,2,439,290
302,3,395,333
302,4,376,363
303,1,357,282
303,2,440,290
303,3,393,334
303,4,374,363
304,1,357,282
304,2,437,290
304,3,394,333
304,4,373,364
305,1,357,282
305,2,438,289
305,3,394,333
305,4,374,363
306,1,357,282
306,2,438,289
306,3,392,334
306,4,373,364
307,1,357,282
307,2,438,289
307,3,392,334
307,4,375,363
308,1,357,282
308,2,437,288
308,3,392,335
308,4,376,365
309,1,358,282
309,2,439,289
309,3,393,333
309,4,375,364
310,1,356,280
310,2,441,286
310,3,393,333
310,4,377,366
311,1,356,280
311,2,444,288
311,3,396,336
311,4,375,363
312,1,359,281
312,2,447,287
312,3,398,330
312,4,374,367
313,1,361,281
313,2,446,288
313,3,398,330
313,4,376,367
314,1,361,281
314,2,443,288
314,3,397,333
314,4,375,364
315,1,387,285
315,2,439,291
315,3,397,333
315,4,375,364
316,1,387,285
316,2,439,291
316,3,397,333
316,4,375,364
317,1,387,285
317,2,439,291
317,3,397,333
317,4,375,364
318,1,387,285
318,2,439,291
318,3,397,333
318,4,375,364
319,1,387,285
319,2,439,291
319,3,397,333
319,4,375,364
320,1,387,285
320,2,439,291
320,3,397,333
320,4,375,364
321,1,387,285
321,2,439,291
321,3,397,333
321,4,375,364
322,1,387,285
322,2,439,291
322,3,397,333
322,4,375,364
323,1,387,285
323,2,439,291
323,3,397,333
323,4,375,364
324,1,387,285
324,2,439,291
324,3,397,333
324,4,375,364
325,1,387,285
325,2,439,291
325,3,397,333
325,4,375,364
326,1,387,285
326,2,439,291
326,3,397,333
326,4,375,364
327,1,387,285
327,2,439,291
327,3,397,333
327,4,375,364
328,1,387,285
328,2,439,291
328,3,397,333
328,4,375,364
329,1,387,285
329,2,439,291
329,3,397,333
329,4,375,364
330,1,362,280
330,2,450,287
330,3,400,330
330,4,376,367
331,1,362,280
331,2,450,287
331,3,400,330
331,4,377,364
332,1,362,280
332,2,450,287
332,3,400,336
332,4,378,363
333,1,362,280
333,2,450,287
333,3,400,336
333,4,377,362
334,1,362,280
334,2,450,287
334,3,399,336
334,4,378,363
335,1,362,280
335,2,447,286
335,3,399,334
335,4,376,364
336,1,363,284
336,2,445,287
336,3,399,331
336,4,376,364
337,1,363,284
337,2,445,287
337,3,399,331
337,4,376,364
338,1,363,284
338,2,445,287
338,3,399,331
338,4,376,364
339,1,363,284
339,2,445,287
339,3,399,331
339,4,376,364
340,1,363,284
340,2,445,287
340,3,399,331
340,4,376,364
341,1,363,284
341,2,445,287
341,3,399,331
341,4,376,364
342,1,363,284
342,2,445,287
342,3,399,331
342,4,376,364
343,1,363,283
343,2,443,288
343,3,397,328
343,4,375,365
344,1,361,282
344,2,443,288
344,3,398,328
344,4,375,366
345,1,361,282
345,2,443,288
345,3,398,328
345,4,375,366
346,1,361,282
346,2,443,288
346,3,398,328
346,4,375,366
347,1,361,282
347,2,443,288
347,3,398,328
347,4,375,366
348,1,361,282
348,2,443,288
348,3,398,328
348,4,375,366
349,1,361,282
349,2,443,288
349,3,398,328
349,4,375,366
350,1,361,282
350,2,443,288
350,3,398,328
350,4,375,366
351,1,361,282
351,2,443,288
351,3,398,328
351,4,375,366
352,1,361,282
352,2,443,288
352,3,398,328
352,4,375,366
353,1,361,282
353,2,443,288
353,3,398,328
353,4,375,366
354,1,361,282
354,2,443,288
354,3,398,328
354,4,375,366
355,1,361,282
355,2,443,288
355,3,398,328
355,4,375,366
356,1,361,282
356,2,443,288
356,3,398,328
356,4,375,366
357,1,596,596
357,2,596,597
357,3,599,597
357,4,582,583
358,1,361,282
358,2,442,288
358,3,397,329
358,4,376,366
359,1,361,282
359,2,439,286
359,3,397,329
359,4,376,366
360,1,361,282
360,2,440,292
360,3,395,334
360,4,376,362
361,1,361,282
361,2,440,292
361,3,395,334
361,4,374,364
362,1,361,282
362,2,440,292
362,3,394,332
362,4,374,364
363,1,361,282
363,2,440,291
363,3,394,332
363,4,374,364
364,1,361,282
364,2,442,289
364,3,393,334
364,4,375,364
365,1,361,282
365,2,442,289
365,3,393,336
365,4,376,362
366,1,361,282
366,2,442,289
366,3,395,334
366,4,375,362
367,1,361,282
367,2,440,289
367,3,395,334
367,4,375,362
368,1,361,282
368,2,440,289
368,3,395,334
368,4,377,362
369,1,361,282
369,2,440,289
369,3,395,334
369,4,375,362
370,1,361,282
370,2,440,289
370,3,395,334
370,4,378,363
371,1,361,282
371,2,438,289
371,3,394,334
371,4,377,363
372,1,366,282
372,2,441,289
372,3,393,331
372,4,379,364
373,1,353,280
373,2,444,286
373,3,394,331
373,4,378,365
374,1,353,280
374,2,446,284
374,3,393,331
374,4,375,364
375,1,353,280
375,2,446,284
375,3,393,331
375,4,377,363
376,1,355,281
376,2,470,271
376,3,393,333
376,4,377,363
377,1,355,281
377,2,470,271
377,3,393,333
377,4,377,363
378,1,354,281
378,2,469,271
378,3,392,333
378,4,377,363
379,1,354,281
379,2,469,271
379,3,392,334
379,4,377,363
380,1,354,281
380,2,469,271
380,3,392,333
380,4,377,363
381,1,354,281
381,2,469,271
381,3,392,333
381,4,377,363
382,1,354,281
382,2,469,271
382,3,392,333
382,4,377,363
383,1,354,281
383,2,469,271
383,3,392,333
383,4,377,363
384,1,354,281
384,2,469,271
384,3,392,334
384,4,377,363
385,1,355,281
385,2,469,271
385,3,392,333
385,4,377,363
386,1,355,281
386,2,470,271
386,3,392,333
386,4,377,363
387,1,355,281
387,2,470,271
387,3,392,333
387,4,377,363
388,1,354,281
388,2,470,271
388,3,393,333
388,4,377,363
389,1,354,281
389,2,471,271
389,3,393,332
389,4,377,363
390,1,354,281
390,2,471,271
390,3,393,332
390,4,377,363
391,1,354,281
391,2,471,271
391,3,392,332
391,4,377,363
392,1,358,283
392,2,470,271
392,3,392,333
392,4,377,363
393,1,357,283
393,2,470,271
393,3,392,333
393,4,377,363
394,1,357,283
394,2,470,271
394,3,392,332
394,4,377,363
395,1,357,283
395,2,470,271
395,3,392,333
395,4,377,363
396,1,357,283
396,2,470,271
396,3,392,333
396,4,377,363
397,1,357,283
397,2,470,271
397,3,392,333
397,4,377,363
398,1,357,283
398,2,470,271
398,3,392,333
398,4,377,363
399,1,357,283
399,2,470,271
399,3,392,333
399,4,377,363
400,1,357,283
400,2,470,271
400,3,392,333
400,4,377,363
401,1,357,283
401,2,470,271
401,3,392,333
401,4,377,363
402,1,357,283
402,2,470,271
402,3,392,332
402,4,377,363
403,1,357,283
403,2,470,271
403,3,392,333
403,4,377,363
404,1,357,283
404,2,470,271
404,3,392,333
404,4,377,363
405,1,357,283
405,2,470,271
405,3,391,333
405,4,377,363
406,1,357,283
406,2,470,271
406,3,392,333
406,4,377,363
407,1,358,283
407,2,470,271
407,3,392,333
407,4,377,363
408,1,356,282
408,2,471,271
408,3,392,333
408,4,377,363
409,1,356,282
409,2,471,271
409,3,392,333
409,4,377,363
410,1,356,282
410,2,471,271
410,3,392,333
410,4,377,363
411,1,356,282
411,2,471,271
411,3,392,333
411,4,377,363
412,1,357,282
412,2,471,271
412,3,392,333
412,4,377,363
413,1,356,282
413,2,471,271
413,3,391,333
413,4,377,363
414,1,355,282
414,2,471,271
414,3,391,333
414,4,377,363
415,1,354,282
415,2,471,271
415,3,390,333
415,4,377,363
416,1,354,282
416,2,471,271
416,3,390,333
416,4,377,363
417,1,353,283
417,2,468,270
417,3,387,333
417,4,377,363
418,1,347,284
418,2,459,268
418,3,379,332
418,4,377,363
419,1,335,284
419,2,448,267
419,3,371,333
419,4,377,363
420,1,334,284
420,2,448,267
420,3,372,333
420,4,377,363
421,1,334,284
421,2,449,267
421,3,373,333
421,4,377,363
422,1,335,284
422,2,450,267
422,3,374,333
422,4,377,363
423,1,338,283
423,2,453,267
423,3,378,333
423,4,377,363
424,1,339,282
424,2,455,267
424,3,379,333
424,4,377,363
425,1,341,281
425,2,457,267
425,3,381,333
425,4,377,363
426,1,341,281
426,2,457,267
426,3,381,333
426,4,377,363
427,1,342,281
427,2,458,267
427,3,382,333
427,4,377,363
428,1,342,281
428,2,458,267
428,3,382,333
428,4,377,363
429,1,342,281
429,2,458,267
429,3,382,333
429,4,377,363
430,1,342,281
430,2,458,267
430,3,382,333
430,4,377,363
431,1,343,281
431,2,458,267
431,3,382,334
431,4,377,363
432,1,343,281
432,2,458,267
432,3,382,334
432,4,377,363
433,1,343,281
433,2,458,267
433,3,382,335
433,4,377,363
434,1,343,282
434,2,459,268
434,3,382,335
434,4,377,363
435,1,343,286
435,2,462,273
435,3,383,341
435,4,377,363
436,1,356,303
436,2,474,295
436,3,393,361
436,4,377,363
437,1,352,313
437,2,431,316
437,3,388,364
437,4,371,401
438,1,350,322
438,2,430,325
438,3,387,376
438,4,370,410
439,1,351,327
439,2,430,329
439,3,387,385
439,4,369,414
440,1,351,327
440,2,430,329
440,3,387,385
440,4,369,414
441,1,351,327
441,2,430,329
441,3,387,385
441,4,369,414
442,1,351,327
442,2,430,329
442,3,387,385
442,4,369,414
443,1,351,327
443,2,430,329
443,3,387,385
443,4,369,414
444,1,351,327
444,2,430,329
444,3,387,385
444,4,369,414
445,1,351,327
445,2,430,329
445,3,387,385
445,4,369,414
446,1,351,327
446,2,430,329
446,3,387,385
446,4,369,414
447,1,351,327
447,2,430,329
447,3,387,385
447,4,369,414
448,1,351,327
448,2,430,329
448,3,387,385
448,4,369,414
449,1,351,327
449,2,430,329
449,3,387,385
449,4,369,414
450,1,351,327
450,2,430,329
450,3,387,385
450,4,369,414
451,1,351,327
451,2,430,329
451,3,387,385
451,4,369,414
452,1,351,327
452,2,430,329
452,3,387,385
452,4,369,414
453,1,351,327
453,2,430,329
453,3,387,385
453,4,369,414
454,1,361,282
454,2,443,288
454,3,398,328
454,4,375,366
455,1,361,282
455,2,443,288
455,3,398,328
455,4,375,366
456,1,361,282
456,2,443,288
456,3,398,328
456,4,375,366
457,1,353,276
457,2,436,281
457,3,391,319
457,4,369,357
458,1,353,276
458,2,433,278
458,3,391,319
458,4,370,356
459,1,353,276
459,2,433,278
459,3,391,320
459,4,370,357
460,1,353,276
460,2,434,280
460,3,392,325
460,4,370,355
461,1,353,277
461,2,435,283
461,3,392,326
461,4,369,357
462,1,353,277
462,2,434,283
462,3,390,327
462,4,369,356
463,1,353,277
463,2,434,283
463,3,389,327
463,4,369,356
464,1,353,277
464,2,436,283
464,3,389,327
464,4,371,358
465,1,353,277
465,2,434,279
465,3,391,326
465,4,371,358
466,1,353,277
466,2,434,281
466,3,391,327
466,4,371,358
467,1,353,277
467,2,433,280
467,3,390,326
467,4,369,356
468,1,353,277
468,2,432,283
468,3,390,326
468,4,369,356
469,1,353,277
469,2,432,284
469,3,390,326
469,4,370,357
470,1,354,277
470,2,432,284
470,3,389,326
470,4,370,357
471,1,353,276
471,2,435,283
471,3,389,328
471,4,373,358
472,1,352,275
472,2,438,279
472,3,390,327
472,4,369,357
473,1,352,275
473,2,436,280
473,3,391,325
473,4,372,359
474,1,353,275
474,2,436,280
474,3,392,328
474,4,372,359
475,1,355,281
475,2,434,280
475,3,391,328
475,4,370,358
476,1,355,281
476,2,434,280
476,3,391,328
476,4,372,358
477,1,355,281
477,2,434,280
477,3,391,328
477,4,372,358
478,1,355,281
478,2,434,280
478,3,391,328
478,4,372,358
479,1,355,281
479,2,434,280
479,3,391,329
479,4,372,358
480,1,355,281
480,2,434,280
480,3,392,328
480,4,373,357
481,1,355,281
481,2,435,280
481,3,393,329
481,4,374,360
482,1,353,280
482,2,437,282
482,3,393,331
482,4,370,360
483,1,353,280
483,2,436,282
483,3,392,330
483,4,371,358
484,1,358,277
484,2,436,284
484,3,390,329
484,4,373,358
485,1,358,278
485,2,436,284
485,3,390,329
485,4,374,360
486,1,358,278
486,2,436,284
486,3,390,329
486,4,374,360
487,1,358,278
487,2,436,284
487,3,392,326
487,4,374,360
488,1,358,278
488,2,436,284
488,3,392,327
488,4,374,360
489,1,358,278
489,2,436,284
489,3,391,326
489,4,374,360
490,1,358,278
490,2,436,284
490,3,391,326
490,4,374,360
491,1,358,278
491,2,436,284
491,3,391,326
491,4,374,360
492,1,358,278
492,2,436,284
492,3,391,326
492,4,374,360
493,1,358,278
493,2,436,284
493,3,391,326
493,4,374,360
494,1,358,278
494,2,436,284
494,3,391,326
494,4,374,360
495,1,358,278
495,2,436,284
495,3,391,326
495,4,374,360
496,1,358,278
496,2,436,284
496,3,391,326
496,4,374,360
497,1,358,278
497,2,436,284
497,3,391,326
497,4,374,360
498,1,358,278
498,2,436,284
498,3,391,326
498,4,374,360
499,1,358,278
499,2,436,284
499,3,391,326
499,4,374,360
500,1,355,278
500,2,436,283
500,3,392,323
500,4,372,360
501,1,355,278
501,2,436,286
501,3,392,323
501,4,372,357
502,1,355,278
502,2,436,286
502,3,391,323
502,4,370,359
503,1,355,278
503,2,434,286
503,3,391,323
503,4,370,359
504,1,355,278
504,2,434,286
504,3,391,323
504,4,370,359
505,1,355,278
505,2,434,286
505,3,390,328
505,4,370,359
506,1,355,278
506,2,434,286
506,3,390,328
506,4,370,359
507,1,355,278
507,2,434,286
507,3,389,329
507,4,370,360
508,1,355,278
508,2,434,286
508,3,390,328
508,4,370,360
509,1,355,278
509,2,434,286
509,3,390,329
509,4,370,360
510,1,355,278
510,2,434,286
510,3,390,329
510,4,370,360
511,1,355,278
511,2,434,286
511,3,391,329
511,4,370,360
512,1,355,278
512,2,434,286
512,3,390,329
512,4,370,360
513,1,357,277
513,2,435,286
513,3,390,330
513,4,371,360
514,1,353,276
514,2,434,285
514,3,388,329
514,4,371,360
515,1,352,275
515,2,437,282
515,3,388,326
515,4,371,360
516,1,352,275
516,2,440,282
516,3,389,327
516,4,373,358
517,1,353,275
517,2,439,285
517,3,389,327
517,4,373,358
518,1,354,276
518,2,460,266
518,3,389,327
518,4,373,358
519,1,353,277
519,2,459,266
519,3,389,327
519,4,373,358
520,1,353,277
520,2,459,266
520,3,388,327
520,4,373,358
521,1,353,277
521,2,459,266
521,3,388,327
521,4,373,358
522,1,353,277
522,2,459,266
522,3,388,327
522,4,373,358
523,1,353,277
523,2,459,266
523,3,388,327
523,4,373,358
524,1,353,277
524,2,459,266
524,3,388,327
524,4,373,358
525,1,353,277
525,2,459,266
525,3,388,327
525,4,373,358
526,1,353,277
526,2,459,266
526,3,388,327
526,4,373,358
527,1,353,277
527,2,459,266
527,3,388,327
527,4,373,358
528,1,353,277
528,2,459,266
528,3,388,327
528,4,373,358
529,1,353,277
529,2,459,266
529,3,388,327
529,4,373,358
530,1,353,277
530,2,459,266
530,3,388,327
530,4,373,358
531,1,353,277
531,2,459,266
531,3,388,327
531,4,373,358
532,1,353,277
532,2,459,266
532,3,388,327
532,4,373,358
533,1,353,277
533,2,459,266
533,3,388,327
533,4,373,358
534,1,353,277
534,2,459,266
534,3,388,327
534,4,373,358
535,1,353,277
535,2,459,266
535,3,388,327
535,4,373,358
536,1,353,277
536,2,459,266
536,3,388,327
536,4,373,358
537,1,353,277
537,2,459,266
537,3,388,327
537,4,373,358
538,1,353,277
538,2,459,266
538,3,388,327
538,4,373,358
539,1,353,277
539,2,459,266
539,3,388,327
539,4,373,358
540,1,353,277
540,2,459,266
540,3,388,327
540,4,373,358
541,1,354,277
541,2,459,266
541,3,388,327
541,4,373,358
542,1,355,277
542,2,459,266
542,3,388,328
542,4,373,358
543,1,353,276
543,2,459,266
543,3,389,328
543,4,372,361
544,1,352,275
544,2,460,266
544,3,389,328
544,4,372,361
545,1,352,275
545,2,460,266
545,3,389,327
545,4,369,363
546,1,352,275
546,2,460,266
546,3,389,327
546,4,369,363
547,1,352,276
547,2,460,266
547,3,389,327
547,4,369,363
548,1,352,277
548,2,459,266
548,3,388,327
548,4,369,363
549,1,352,277
549,2,459,266
549,3,388,327
549,4,369,363
550,1,352,277
550,2,459,266
550,3,387,327
550,4,369,363
551,1,352,277
551,2,459,266
551,3,387,327
551,4,369,363
552,1,352,277
552,2,459,266
552,3,387,327
552,4,369,363
553,1,352,277
553,2,459,266
553,3,387,327
553,4,369,363
554,1,352,277
554,2,458,266
554,3,387,327
554,4,369,363
555,1,352,277
555,2,458,266
555,3,387,327
555,4,369,363
556,1,352,277
556,2,458,266
556,3,388,328
556,4,369,363
557,1,352,277
557,2,458,266
557,3,388,328
557,4,369,363
558,1,352,278
558,2,459,267
558,3,388,329
558,4,372,363
559,1,352,280
559,2,459,269
559,3,388,332
559,4,372,363
560,1,354,285
560,2,459,273
560,3,388,336
560,4,372,363
561,1,355,290
561,2,460,279
561,3,387,342
561,4,372,363
562,1,379,306
562,2,464,292
562,3,398,358
562,4,372,363
563,1,379,306
563,2,464,292
563,3,398,358
563,4,372,363
564,1,379,306
564,2,464,292
564,3,398,358
564,4,372,363
565,1,379,306
565,2,464,292
565,3,398,358
565,4,372,363
566,1,379,306
566,2,464,292
566,3,398,358
566,4,372,363
567,1,379,306
567,2,464,292
567,3,398,358
567,4,372,363
568,1,379,306
568,2,464,292
568,3,398,358
568,4,372,363
569,1,379,306
569,2,464,292
569,3,398,358
569,4,372,363
570,1,379,306
570,2,464,292
570,3,398,358
570,4,372,363
571,1,379,306
571,2,464,292
571,3,398,358
571,4,372,363
572,1,379,306
572,2,464,292
572,3,398,358
572,4,372,363
573,1,379,306
573,2,464,292
573,3,398,358
573,4,372,363
574,1,379,306
574,2,464,292
574,3,398,358
574,4,372,363
575,1,379,306
575,2,464,292
575,3,398,358
575,4,372,363
576,1,344,332
576,2,434,338
576,3,389,394
576,4,370,426
577,1,345,322
577,2,436,328
577,3,389,394
577,4,371,417
578,1,369,319
578,2,439,317
578,3,388,375
578,4,371,417
579,1,369,319
579,2,439,317
579,3,388,375
579,4,371,417
580,1,369,319
580,2,439,317
580,3,388,375
580,4,371,417
581,1,369,319
581,2,439,317
581,3,388,375
581,4,371,417
582,1,369,319
582,2,439,317
582,3,388,375
582,4,371,417
583,1,369,319
583,2,439,317
583,3,388,375
583,4,371,417
584,1,369,319
584,2,439,317
584,3,388,375
584,4,371,417
585,1,369,319
585,2,439,317
585,3,388,375
585,4,371,417
586,1,369,319
586,2,439,317
586,3,388,375
586,4,371,417
587,1,369,319
587,2,439,317
587,3,388,375
587,4,371,417
588,1,369,319
588,2,439,317
588,3,388,375
588,4,371,417
589,1,369,319
589,2,439,317
589,3,388,375
589,4,371,417
590,1,369,319
590,2,439,317
590,3,388,375
590,4,371,417
591,1,369,319
591,2,439,317
591,3,388,375
591,4,371,417
592,1,354,275
592,2,435,279
592,3,390,316
592,4,367,354
593,1,354,276
593,2,432,276
593,3,391,317
593,4,368,353
594,1,354,276
594,2,433,277
594,3,391,318
594,4,368,354
595,1,354,276
595,2,433,277
595,3,390,325
595,4,370,355
596,1,357,277
596,2,434,278
596,3,391,328
596,4,370,355
597,1,350,275
597,2,433,277
597,3,392,325
597,4,369,357
598,1,350,275
598,2,433,277
598,3,392,325
598,4,369,357
599,1,350,275
599,2,434,282
599,3,391,325
599,4,368,355
600,1,350,275
600,2,434,282
600,3,388,326
600,4,370,355
601,1,350,275
601,2,434,282
601,3,388,326
601,4,369,355
602,1,350,275
602,2,434,282
602,3,388,326
602,4,369,355
603,1,350,275
603,2,434,282
603,3,387,326
603,4,369,357
604,1,350,275
604,2,434,282
604,3,387,326
604,4,370,355
605,1,350,275
605,2,434,282
605,3,390,325
605,4,369,355
606,1,350,275
606,2,435,279
606,3,390,325
606,4,370,356
607,1,350,275
607,2,436,281
607,3,389,326
607,4,369,354
608,1,350,275
608,2,434,281
608,3,389,326
608,4,369,354
609,1,350,275
609,2,435,283
609,3,388,324
609,4,369,353
610,1,349,273
610,2,434,281
610,3,389,325
610,4,369,353
611,1,349,273
611,2,436,280
611,3,389,325
611,4,370,353
612,1,349,273
612,2,436,281
612,3,390,325
612,4,370,353
613,1,349,273
613,2,432,278
613,3,390,325
613,4,370,354
614,1,348,273
614,2,436,277
614,3,389,325
614,4,371,355
615,1,349,273
615,2,433,278
615,3,389,323
615,4,369,353
616,1,349,273
616,2,434,281
616,3,389,323
616,4,370,353
617,1,349,273
617,2,434,281
617,3,389,323
617,4,368,355
618,1,349,273
618,2,434,281
618,3,389,323
618,4,369,355
619,1,349,273
619,2,433,281
619,3,387,327
619,4,370,355
620,1,349,273
620,2,433,281
620,3,387,327
620,4,369,357
621,1,349,273
621,2,433,281
621,3,389,327
621,4,369,357
622,1,349,273
622,2,435,278
622,3,388,326
622,4,369,357
623,1,359,278
623,2,434,279
623,3,389,326
623,4,369,359
624,1,346,277
624,2,433,278
624,3,390,325
624,4,371,358
625,1,346,277
625,2,433,278
625,3,390,325
625,4,370,356
626,1,346,277
626,2,435,280
626,3,391,325
626,4,370,356
627,1,347,277
627,2,435,280
627,3,390,325
627,4,368,355
628,1,348,278
628,2,432,280
628,3,390,325
628,4,369,357
629,1,353,277
629,2,431,280
629,3,389,325
629,4,368,354
630,1,353,277
630,2,431,280
630,3,389,325
630,4,368,356
631,1,353,277
631,2,431,280
631,3,389,325
631,4,370,355
632,1,353,277
632,2,431,280
632,3,389,325
632,4,369,357
633,1,353,277
633,2,431,280
633,3,389,325
633,4,371,356
634,1,353,277
634,2,431,280
634,3,389,325
634,4,371,356
635,1,353,277
635,2,431,280
635,3,390,325
635,4,370,356
636,1,353,277
636,2,431,280
636,3,390,325
636,4,370,355
637,1,353,277
637,2,431,280
637,3,390,325
637,4,370,355
638,1,352,276
638,2,432,279
638,3,391,325
638,4,371,355
639,1,352,276
639,2,436,283
639,3,391,329
639,4,370,356
640,1,352,276
640,2,437,279
640,3,390,330
640,4,370,356
641,1,354,277
641,2,435,280
641,3,389,328
641,4,369,356
642,1,352,277
642,2,432,282
642,3,391,325
642,4,368,356
643,1,352,277
643,2,434,282
643,3,389,328
643,4,368,356
644,1,352,277
644,2,434,282
644,3,389,328
644,4,367,356
645,1,352,277
645,2,434,282
645,3,389,328
645,4,367,356
646,1,352,277
646,2,434,282
646,3,389,328
646,4,368,356
647,1,352,277
647,2,434,282
647,3,389,328
647,4,367,356
648,1,352,277
648,2,434,282
648,3,389,328
648,4,369,355
649,1,352,277
649,2,435,280
649,3,388,327
649,4,369,355
650,1,353,277
650,2,436,281
650,3,389,327
650,4,369,357
651,1,351,275
651,2,435,279
651,3,389,327
651,4,368,357
652,1,351,274
652,2,435,279
652,3,390,327
652,4,371,355
653,1,351,274
653,2,435,279
653,3,390,327
653,4,372,356
654,1,352,274
654,2,434,280
654,3,390,327
654,4,370,354
655,1,353,275
655,2,432,281
655,3,390,326
655,4,370,355
656,1,352,275
656,2,434,282
656,3,390,326
656,4,370,356
657,1,352,275
657,2,435,281
657,3,391,325
657,4,370,355
658,1,352,275
658,2,435,281
658,3,391,325
658,4,369,355
659,1,352,275
659,2,434,281
659,3,391,325
659,4,370,357
660,1,352,275
660,2,434,283
660,3,391,325
660,4,370,355
661,1,352,275
661,2,434,283
661,3,391,325
661,4,370,356
662,1,352,275
662,2,434,283
662,3,391,325
662,4,370,355
663,1,352,274
663,2,434,279
663,3,391,324
663,4,370,354
664,1,352,272
664,2,435,280
664,3,391,324
664,4,369,353
665,1,352,272
665,2,438,280
665,3,392,324
665,4,370,355
666,1,352,272
666,2,434,278
666,3,392,324
666,4,370,355
667,1,354,273
667,2,433,279
667,3,392,324
667,4,370,355
668,1,354,273
668,2,435,280
668,3,392,324
668,4,370,355
669,1,353,274
669,2,433,285
669,3,391,327
669,4,371,354
670,1,353,274
670,2,433,285
670,3,391,327
670,4,371,354
671,1,353,274
671,2,433,285
671,3,388,326
671,4,371,354
672,1,353,274
672,2,432,282
672,3,388,326
672,4,371,354
673,1,353,274
673,2,432,282
673,3,388,326
673,4,371,353
674,1,353,274
674,2,432,282
674,3,388,326
674,4,371,356
675,1,353,274
675,2,432,282
675,3,388,326
675,4,372,356
676,1,353,273
676,2,433,281
676,3,389,326
676,4,372,356
677,1,358,275
677,2,433,278
677,3,389,326
677,4,372,356
678,1,358,278
678,2,433,278
678,3,389,326
678,4,372,356
679,1,358,278
679,2,433,278
679,3,392,325
679,4,372,356
680,1,358,278
680,2,433,278
680,3,392,325
680,4,372,356
681,1,358,278
681,2,433,278
681,3,392,325
681,4,372,356
682,1,358,278
682,2,433,278
682,3,392,325
682,4,372,356
683,1,358,278
683,2,433,278
683,3,392,325
683,4,372,356
684,1,352,279
684,2,433,281
684,3,392,321
684,4,369,359
685,1,352,279
685,2,433,281
685,3,392,321
685,4,369,359
686,1,352,279
686,2,433,281
686,3,392,321
686,4,369,359
687,1,352,279
687,2,433,281
687,3,392,321
687,4,369,359
688,1,352,279
688,2,433,281
688,3,392,321
688,4,369,359
689,1,352,279
689,2,433,281
689,3,392,321
689,4,369,359
690,1,352,279
690,2,433,281
690,3,392,321
690,4,369,359
691,1,352,279
691,2,433,281
691,3,392,321
691,4,369,359
692,1,352,279
692,2,433,281
692,3,392,321
692,4,369,359
693,1,352,279
693,2,433,281
693,3,392,321
693,4,369,359
694,1,348,272
694,2,420,277
694,3,383,323
694,4,365,344
695,1,352,279
695,2,433,281
695,3,392,321
695,4,369,359
696,1,353,278
696,2,434,281
696,3,391,321
696,4,369,358
697,1,353,278
697,2,434,281
697,3,391,321
697,4,369,355
698,1,353,278
698,2,434,281
698,3,391,321
698,4,369,356
699,1,353,278
699,2,434,281
699,3,391,321
699,4,368,354
700,1,353,278
700,2,434,281
700,3,391,321
700,4,367,354
701,1,353,278
701,2,434,281
701,3,391,324
701,4,367,354
702,1,353,278
702,2,434,282
702,3,390,327
702,4,367,354
703,1,353,278
703,2,434,282
703,3,390,327
703,4,367,354
704,1,353,278
704,2,434,282
704,3,390,327
704,4,367,354
705,1,353,278
705,2,434,282
705,3,390,327
705,4,367,354
706,1,353,278
706,2,434,282
706,3,390,327
706,4,367,354
707,1,353,277
707,2,434,281
707,3,391,327
707,4,367,354
708,1,351,276
708,2,436,278
708,3,392,327
708,4,367,354
709,1,351,276
709,2,435,280
709,3,392,326
709,4,370,356
710,1,351,276
710,2,435,282
710,3,392,326
710,4,369,354
711,1,357,275
711,2,435,282
711,3,392,326
711,4,369,354
712,1,381,280
712,2,434,283
712,3,390,324
712,4,369,354
713,1,380,280
713,2,433,283
713,3,390,324
713,4,369,354
714,1,380,280
714,2,433,283
714,3,389,324
714,4,369,354
715,1,380,280
715,2,433,283
715,3,389,324
715,4,369,354
716,1,380,280
716,2,433,283
716,3,389,324
716,4,369,354
717,1,380,280
717,2,433,283
717,3,389,324
717,4,369,354
718,1,380,280
718,2,433,283
718,3,389,324
718,4,369,354
719,1,380,280
719,2,433,283
719,3,389,324
719,4,369,354
720,1,380,280
720,2,433,283
720,3,389,324
720,4,369,354
721,1,380,280
721,2,433,283
721,3,389,324
721,4,369,354
722,1,380,280
722,2,433,283
722,3,389,324
722,4,369,354
723,1,380,280
723,2,433,283
723,3,390,323
723,4,369,354
724,1,380,280
724,2,433,283
724,3,390,323
724,4,369,354
725,1,380,280
725,2,433,283
725,3,390,323
725,4,369,354
726,1,380,280
726,2,433,283
726,3,390,323
726,4,369,354
727,1,380,280
727,2,433,283
727,3,390,323
727,4,369,354
728,1,380,280
728,2,433,283
728,3,390,323
728,4,369,354
729,1,380,280
729,2,433,283
729,3,390,323
729,4,369,354
730,1,380,280
730,2,433,283
730,3,390,323
730,4,369,354
731,1,380,280
731,2,433,283
731,3,390,323
731,4,369,354
732,1,380,280
732,2,433,283
732,3,390,323
732,4,369,354
733,1,380,280
733,2,433,283
733,3,389,324
733,4,369,354
734,1,380,280
734,2,433,283
734,3,389,324
734,4,369,354
735,1,380,280
735,2,433,283
735,3,389,324
735,4,369,354
736,1,380,280
736,2,433,283
736,3,389,324
736,4,369,354
737,1,380,280
737,2,433,283
737,3,388,324
737,4,369,354
738,1,380,280
738,2,433,283
738,3,388,324
738,4,369,354
739,1,380,280
739,2,433,283
739,3,388,324
739,4,369,354
740,1,380,280
740,2,433,283
740,3,388,324
740,4,369,354
741,1,380,280
741,2,433,283
741,3,388,324
741,4,369,354
742,1,380,280
742,2,433,283
742,3,388,324
742,4,369,354
743,1,380,280
743,2,433,283
743,3,388,324
743,4,369,354
744,1,380,280
744,2,433,283
744,3,388,324
744,4,369,354
745,1,380,280
745,2,433,283
745,3,388,324
745,4,369,354
746,1,380,280
746,2,433,283
746,3,388,324
746,4,369,354
747,1,380,280
747,2,433,283
747,3,388,324
747,4,369,354
748,1,380,280
748,2,433,283
748,3,388,324
748,4,369,354
749,1,380,280
749,2,433,283
749,3,388,324
749,4,369,354
750,1,380,280
750,2,433,283
750,3,388,324
750,4,369,354
751,1,380,280
751,2,433,283
751,3,388,324
751,4,369,354
752,1,380,280
752,2,433,283
752,3,388,324
752,4,369,354
753,1,111,72
753,2,72,183
753,3,72,72
753,4,86,86
754,1,111,72
754,2,72,183
754,3,72,72
754,4,86,86
755,1,0,1
755,2,72,91015504
755,3,91023200,0
755,4,45044882,0
756,1,107,86
756,2,86,155
756,3,86,86
756,4,86,86
757,1,107,86
757,2,86,150
757,3,86,86
757,4,103,103
758,1,355,278
758,2,435,281
758,3,391,321
758,4,369,358
759,1,355,278
759,2,434,283
759,3,391,321
759,4,371,354
760,1,355,278
760,2,432,282
760,3,391,327
760,4,371,354
761,1,355,278
761,2,432,282
761,3,392,328
761,4,371,356
762,1,355,278
762,2,432,282
762,3,391,328
762,4,370,355
763,1,355,278
763,2,432,282
763,3,391,328
763,4,370,355
764,1,355,278
764,2,432,282
764,3,391,326
764,4,369,357
765,1,355,278
765,2,432,282
765,3,391,326
765,4,372,358
766,1,355,278
766,2,432,282
766,3,391,326
766,4,370,358
767,1,355,278
767,2,432,282
767,3,391,326
767,4,370,358
768,1,360,277
768,2,433,282
768,3,391,326
768,4,370,358
769,1,345,275
769,2,433,282
769,3,392,326
769,4,371,358
770,1,345,275
770,2,437,279
770,3,392,326
770,4,369,357
771,1,345,275
771,2,436,280
771,3,392,326
771,4,371,356
772,1,345,275
772,2,434,281
772,3,390,325
772,4,371,355
773,1,345,275
773,2,434,281
773,3,390,325
773,4,371,356
774,1,345,275
774,2,434,282
774,3,387,329
774,4,370,354
775,1,345,275
775,2,434,280
775,3,387,329
775,4,370,354
776,1,345,275
776,2,436,279
776,3,387,330
776,4,367,358
777,1,345,275
777,2,435,279
777,3,387,326
777,4,367,358
778,1,345,275
778,2,435,279
778,3,387,326
778,4,367,358
779,1,345,275
779,2,435,279
779,3,387,326
779,4,366,358
780,1,345,275
780,2,434,282
780,3,387,324
780,4,367,358
781,1,345,275
781,2,434,282
781,3,387,324
781,4,366,358
782,1,345,275
782,2,434,282
782,3,387,324
782,4,366,358
783,1,345,275
783,2,434,282
783,3,387,324
783,4,367,356
784,1,345,275
784,2,434,282
784,3,386,324
784,4,368,356
785,1,345,275
785,2,435,282
785,3,387,324
785,4,367,356
786,1,345,275
786,2,435,281
786,3,387,324
786,4,367,356
787,1,345,275
787,2,435,281
787,3,387,324
787,4,367,356
788,1,345,275
788,2,434,280
788,3,388,324
788,4,370,357
789,1,345,275
789,2,436,283
789,3,389,324
789,4,370,355
790,1,345,275
790,2,438,279
790,3,389,324
790,4,369,356
791,1,345,275
791,2,436,281
791,3,389,324
791,4,370,355
792,1,344,275
792,2,435,282
792,3,388,324
792,4,371,355
793,1,344,275
793,2,434,282
793,3,387,328
793,4,371,355
794,1,344,275
794,2,434,282
794,3,387,328
794,4,371,355
795,1,344,275
795,2,435,284
795,3,387,328
795,4,371,355
796,1,344,275
796,2,434,283
796,3,387,328
796,4,368,360
797,1,344,275
797,2,435,283
797,3,387,328
797,4,368,356
798,1,344,275
798,2,434,284
798,3,386,328
798,4,369,356
799,1,344,275
799,2,433,284
799,3,386,328
799,4,370,356
800,1,344,275
800,2,433,286
800,3,386,328
800,4,369,355
801,1,344,275
801,2,433,284
801,3,386,328
801,4,368,357
802,1,344,274
802,2,437,282
802,3,387,328
802,4,369,357
803,1,344,274
803,2,437,282
803,3,387,328
803,4,369,357
804,1,344,274
804,2,437,282
804,3,387,328
804,4,369,357
805,1,344,275
805,2,437,282
805,3,387,328
805,4,369,357
806,1,344,275
806,2,433,282
806,3,387,328
806,4,369,357
807,1,344,275
807,2,435,280
807,3,387,328
807,4,369,357
808,1,344,275
808,2,436,283
808,3,387,326
808,4,368,357
809,1,344,275
809,2,430,285
809,3,387,326
809,4,370,357
810,1,344,275
810,2,430,285
810,3,387,326
810,4,370,357
811,1,344,275
811,2,430,285
811,3,387,326
811,4,370,357
812,1,344,275
812,2,430,285
812,3,387,326
812,4,370,357
813,1,344,275
813,2,430,285
813,3,387,326
813,4,370,357
814,1,344,275
814,2,430,285
814,3,387,326
814,4,370,357
815,1,344,275
815,2,430,285
815,3,387,326
815,4,370,357
816,1,344,275
816,2,430,285
816,3,387,326
816,4,370,357
817,1,344,275
817,2,430,285
817,3,387,326
817,4,370,357
818,1,344,275
818,2,430,285
818,3,387,326
818,4,370,357
819,1,344,275
819,2,430,285
819,3,387,326
819,4,370,357
820,1,344,275
820,2,430,285
820,3,387,326
820,4,370,357
821,1,354,277
821,2,433,280
821,3,390,322
821,4,370,358
822,1,354,277
822,2,433,280
822,3,390,322
822,4,370,358
823,1,354,277
823,2,433,280
823,3,390,322
823,4,370,358
824,1,354,277
824,2,433,280
824,3,390,322
824,4,370,358
825,1,354,277
825,2,433,280
825,3,390,322
825,4,370,358
826,1,354,277
826,2,433,280
826,3,390,322
826,4,370,358
827,1,354,277
827,2,433,280
827,3,390,322
827,4,370,358
828,1,354,277
828,2,433,280
828,3,390,322
828,4,370,358
829,1,354,277
829,2,433,280
829,3,390,322
829,4,370,358
830,1,354,277
830,2,433,280
830,3,390,322
830,4,370,358
831,1,354,277
831,2,433,280
831,3,390,322
831,4,370,358
832,1,354,277
832,2,433,280
832,3,390,322
832,4,370,358
833,1,354,277
833,2,433,280
833,3,390,322
833,4,370,358
834,1,354,277
834,2,433,280
834,3,390,322
834,4,370,358
835,1,0,0
835,2,0,0
835,3,0,0
835,4,0,0
836,1,0,0
836,2,0,0
836,3,0,0
836,4,0,0
837,1,0,0
837,2,0,0
837,3,0,0
837,4,0,0
838,1,0,0
838,2,0,0
838,3,0,0
838,4,0,0
839,1,0,0
839,2,0,0
839,3,0,0
839,4,0,0
840,1,354,279
840,2,435,281
840,3,391,322
840,4,368,359
841,1,354,279
841,2,432,283
841,3,391,322
841,4,368,359
842,1,354,279
842,2,433,283
842,3,391,322
842,4,368,359
843,1,354,279
843,2,433,283
843,3,391,322
843,4,368,359
844,1,354,279
844,2,433,283
844,3,391,322
844,4,368,359
845,1,354,279
845,2,433,283
845,3,391,322
845,4,368,359
846,1,354,279
846,2,433,283
846,3,391,322
846,4,368,359
847,1,354,279
847,2,433,283
847,3,391,322
847,4,368,359
848,1,354,279
848,2,433,283
848,3,391,322
848,4,368,359
849,1,354,279
849,2,431,283
849,3,391,322
849,4,368,359
850,1,354,279
850,2,434,285
850,3,391,322
850,4,368,359
851,1,354,279
851,2,434,285
851,3,391,322
851,4,368,359
852,1,356,278
852,2,433,284
852,3,390,327
852,4,369,359
853,1,354,277
853,2,433,283
853,3,390,327
853,4,372,357
854,1,353,275
854,2,439,282
854,3,391,327
854,4,372,357
855,1,353,275
855,2,439,282
855,3,391,327
855,4,368,356
856,1,354,275
856,2,438,278
856,3,391,327
856,4,367,356
857,1,354,275
857,2,438,278
857,3,391,327
857,4,367,356
858,1,353,279
858,2,433,281
858,3,389,322
858,4,368,361
859,1,353,279
859,2,433,281
859,3,389,322
859,4,368,361
860,1,353,279
860,2,431,282
860,3,389,322
860,4,367,356
861,1,353,279
861,2,430,283
861,3,388,322
861,4,369,357
862,1,353,279
862,2,429,284
862,3,389,327
862,4,369,357
863,1,353,279
863,2,429,286
863,3,389,327
863,4,370,357
864,1,353,279
864,2,429,286
864,3,389,327
864,4,370,357
865,1,353,279
865,2,431,284
865,3,388,327
865,4,370,359
866,1,353,279
866,2,431,284
866,3,388,327
866,4,370,359
867,1,355,279
867,2,431,281
867,3,389,327
867,4,371,359
868,1,346,277
868,2,431,282
868,3,390,327
868,4,371,359
869,1,346,277
869,2,434,281
869,3,390,327
869,4,372,359
870,1,347,277
870,2,437,281
870,3,390,327
870,4,366,357
871,1,348,277
871,2,457,261
871,3,390,327
871,4,366,357
872,1,348,277
872,2,457,261
872,3,390,327
872,4,366,357
873,1,348,277
873,2,457,261
873,3,389,327
873,4,366,357
874,1,348,277
874,2,457,261
874,3,389,327
874,4,366,357
875,1,348,277
875,2,457,261
875,3,389,327
875,4,366,357
876,1,348,277
876,2,457,261
876,3,389,327
876,4,366,357
877,1,348,277
877,2,457,261
877,3,389,327
877,4,366,357
878,1,348,277
878,2,457,261
878,3,389,327
878,4,366,357
879,1,348,277
879,2,457,261
879,3,389,327
879,4,366,357
880,1,348,277
880,2,457,261
880,3,389,327
880,4,366,357
881,1,348,277
881,2,457,261
881,3,389,327
881,4,366,357
882,1,348,277
882,2,457,261
882,3,389,327
882,4,366,357
883,1,348,277
883,2,457,261
883,3,389,327
883,4,366,357
884,1,348,277
884,2,457,261
884,3,390,327
884,4,366,357
885,1,348,277
885,2,457,261
885,3,389,327
885,4,366,357
886,1,348,277
886,2,457,261
886,3,390,327
886,4,366,357
887,1,348,277
887,2,457,261
887,3,390,327
887,4,366,357
888,1,348,277
888,2,457,261
888,3,390,327
888,4,366,357
889,1,349,277
889,2,457,261
889,3,390,327
889,4,366,357
890,1,348,277
890,2,457,261
890,3,390,327
890,4,366,357
891,1,348,277
891,2,457,261
891,3,390,327
891,4,366,357
892,1,348,277
892,2,457,261
892,3,390,327
892,4,366,357
893,1,348,277
893,2,457,261
893,3,391,327
893,4,366,357
894,1,348,277
894,2,457,261
894,3,392,328
894,4,366,357
895,1,348,277
895,2,457,261
895,3,391,328
895,4,366,357
896,1,349,278
896,2,457,261
896,3,391,328
896,4,366,357
897,1,348,278
897,2,456,261
897,3,390,327
897,4,366,357
898,1,348,278
898,2,456,261
898,3,390,327
898,4,366,357
899,1,348,278
899,2,456,261
899,3,390,328
899,4,366,357
900,1,348,278
900,2,456,261
900,3,390,328
900,4,366,357
901,1,348,278
901,2,456,261
901,3,390,328
901,4,366,357
902,1,347,278
902,2,455,261
902,3,389,328
902,4,366,357
903,1,346,278
903,2,455,261
903,3,389,329
903,4,366,357
904,1,346,278
904,2,455,261
904,3,388,329
904,4,366,357
905,1,345,278
905,2,454,261
905,3,387,329
905,4,366,357
906,1,344,278
906,2,454,261
906,3,387,329
906,4,366,357
907,1,344,278
907,2,454,261
907,3,387,329
907,4,366,357
908,1,344,278
908,2,454,261
908,3,388,329
908,4,366,357
909,1,345,278
909,2,455,261
909,3,389,329
909,4,366,357
910,1,345,278
910,2,455,261
910,3,388,329
910,4,366,357
911,1,345,278
911,2,455,261
911,3,389,329
911,4,366,357
912,1,347,278
912,2,455,261
912,3,389,329
912,4,366,357
913,1,344,277
913,2,455,261
913,3,389,329
913,4,366,357
914,1,344,277
914,2,455,261
914,3,389,329
914,4,366,357
915,1,344,277
915,2,455,261
915,3,389,329
915,4,366,357
916,1,344,277
916,2,455,261
916,3,389,329
916,4,366,357
917,1,344,277
917,2,455,261
917,3,389,329
917,4,366,357
918,1,344,277
918,2,455,261
918,3,389,329
918,4,366,357
919,1,344,277
919,2,455,261
919,3,389,328
919,4,366,357
920,1,344,277
920,2,455,261
920,3,389,328
920,4,366,357
921,1,344,277
921,2,455,261
921,3,388,328
921,4,366,357
922,1,344,277
922,2,455,261
922,3,388,328
922,4,366,357
923,1,344,277
923,2,455,261
923,3,389,329
923,4,366,357
924,1,344,277
924,2,455,261
924,3,389,329
924,4,366,357
925,1,344,277
925,2,455,261
925,3,389,329
925,4,366,357
926,1,344,277
926,2,455,261
926,3,389,329
926,4,366,357
927,1,344,277
927,2,455,261
927,3,388,329
927,4,366,357
928,1,344,277
928,2,455,261
928,3,388,329
928,4,366,357
929,1,344,277
929,2,455,261
929,3,388,329
929,4,366,357
930,1,344,277
930,2,455,261
930,3,389,329
930,4,366,357
931,1,344,277
931,2,455,261
931,3,389,329
931,4,366,357
932,1,344,277
932,2,455,261
932,3,389,329
932,4,366,357
933,1,344,277
933,2,455,261
933,3,389,329
933,4,366,357
934,1,344,277
934,2,455,261
934,3,389,329
934,4,366,357
935,1,344,277
935,2,455,261
935,3,389,329
935,4,366,357
936,1,344,277
936,2,455,261
936,3,389,329
936,4,366,357
937,1,344,277
937,2,455,261
937,3,389,329
937,4,366,357
938,1,344,277
938,2,455,261
938,3,389,329
938,4,366,357
939,1,344,277
939,2,455,261
939,3,389,329
939,4,366,357
940,1,344,277
940,2,455,261
940,3,389,329
940,4,366,357
941,1,344,277
941,2,455,261
941,3,389,329
941,4,366,357
942,1,344,277
942,2,455,261
942,3,389,329
942,4,366,357
943,1,344,277
943,2,455,261
943,3,388,329
943,4,366,357
944,1,344,277
944,2,455,261
944,3,388,329
944,4,366,357
945,1,344,277
945,2,455,261
945,3,389,329
945,4,366,357
946,1,344,277
946,2,455,261
946,3,388,329
946,4,366,357
947,1,344,277
947,2,455,261
947,3,388,329
947,4,366,357
948,1,344,277
948,2,455,261
948,3,388,329
948,4,366,357
949,1,344,277
949,2,455,261
949,3,388,329
949,4,366,357
950,1,344,277
950,2,455,261
950,3,388,329
950,4,366,357
951,1,344,277
951,2,455,261
951,3,388,329
951,4,366,357
952,1,344,277
952,2,455,261
952,3,388,329
952,4,366,357
953,1,344,277
953,2,455,261
953,3,388,329
953,4,366,357
954,1,344,277
954,2,455,261
954,3,388,329
954,4,366,357
955,1,344,277
955,2,455,261
955,3,388,329
955,4,366,357
956,1,344,277
956,2,455,261
956,3,387,329
956,4,366,357
957,1,344,277
957,2,455,261
957,3,388,329
957,4,366,357
958,1,345,277
958,2,455,261
958,3,388,329
958,4,366,357
959,1,347,278
959,2,453,261
959,3,388,329
959,4,366,357
960,1,346,278
960,2,453,261
960,3,388,329
960,4,366,357
961,1,343,277
961,2,455,261
961,3,388,329
961,4,366,357
962,1,343,277
962,2,455,261
962,3,388,329
962,4,366,357
963,1,343,277
963,2,455,261
963,3,387,329
963,4,366,357
964,1,343,281
964,2,455,264
964,3,387,334
964,4,366,357
965,1,343,286
965,2,455,269
965,3,386,341
965,4,366,357
966,1,341,295
966,2,457,278
966,3,385,352
966,4,366,357
967,1,338,324
967,2,428,326
967,3,383,381
967,4,366,357
968,1,338,345
968,2,428,349
968,3,383,407
968,4,367,440
969,1,339,349
969,2,427,355
969,3,384,409
969,4,367,443
970,1,339,352
970,2,430,356
970,3,385,413
970,4,368,444
971,1,342,347
971,2,430,351
971,3,385,406
971,4,365,439
972,1,342,347
972,2,430,351
972,3,385,406
972,4,365,439
973,1,342,347
973,2,430,351
973,3,385,406
973,4,365,439
974,1,342,347
974,2,430,351
974,3,385,406
974,4,365,439
975,1,342,347
975,2,430,351
975,3,385,406
975,4,365,439
976,1,342,347
976,2,430,351
976,3,385,406
976,4,365,439
977,1,342,347
977,2,430,351
977,3,385,406
977,4,365,439
978,1,342,347
978,2,430,351
978,3,385,406
978,4,365,439
979,1,342,347
979,2,430,351
979,3,385,406
979,4,365,439
980,1,342,347
980,2,430,351
980,3,385,406
980,4,365,439
981,1,342,347
981,2,430,351
981,3,385,406
981,4,365,439
982,1,342,347
982,2,430,351
982,3,385,406
982,4,365,439
983,1,342,347
983,2,430,351
983,3,385,406
983,4,365,439
984,1,342,347
984,2,430,351
984,3,385,406
984,4,365,439
985,1,342,347
985,2,430,351
985,3,385,406
985,4,365,439
986,1,342,347
986,2,430,351
986,3,385,406
986,4,365,439
987,1,0,30
987,2,128,32
987,3,368,455
987,4,372,454
988,1,0,30
988,2,128,32
988,3,368,455
988,4,372,454
989,1,0,30
989,2,128,32
989,3,387,365
989,4,372,454
990,1,0,0
990,2,0,0
990,3,0,0
990,4,0,0
991,1,347,330
991,2,433,332
991,3,389,386
991,4,370,419
992,1,350,333
992,2,433,334
992,3,389,388
992,4,369,417
993,1,350,333
993,2,432,336
993,3,388,388
993,4,371,418
994,1,350,333
994,2,425,340
994,3,388,389
994,4,371,417
995,1,350,333
995,2,428,337
995,3,387,388
995,4,371,417
996,1,350,331
996,2,431,337
996,3,387,388
996,4,371,417
997,1,347,333
997,2,432,337
997,3,387,388
997,4,370,417
998,1,347,334
998,2,427,338
998,3,387,388
998,4,369,420
999,1,346,333
999,2,430,338
999,3,387,388
999,4,370,419
1000,1,347,335
1000,2,430,337
1000,3,387,388
1000,4,369,421
1001,1,349,334
1001,2,427,335
1001,3,387,388
1001,4,370,421
1002,1,357,335
1002,2,432,336
1002,3,387,388
1002,4,372,421
1003,1,360,336
1003,2,430,337
1003,3,387,388
1003,4,372,420
1004,1,351,335
1004,2,430,338
1004,3,387,388
1004,4,374,418
1005,1,349,335
1005,2,429,338
1005,3,387,388
1005,4,372,419
1006,1,345,332
1006,2,431,335
1006,3,388,389
1006,4,369,423
1007,1,345,333
1007,2,429,336
1007,3,387,388
1007,4,369,421
1008,1,346,333
1008,2,430,336
1008,3,386,389
1008,4,370,422
1009,1,350,336
1009,2,430,339
1009,3,386,389
1009,4,370,419
1010,1,345,333
1010,2,427,336
1010,3,386,387
1010,4,369,422
1011,1,348,338
1011,2,427,336
1011,3,386,386
1011,4,368,421
1012,1,344,332
1012,2,428,337
1012,3,389,388
1012,4,368,422
1013,1,345,334
1013,2,429,335
1013,3,388,389
1013,4,369,422
1014,1,349,333
1014,2,430,336
1014,3,388,389
1014,4,369,419
1015,1,349,336
1015,2,432,336
1015,3,388,389
1015,4,372,421
1016,1,347,333
1016,2,431,335
1016,3,389,389
1016,4,371,421
1017,1,348,331
1017,2,431,335
1017,3,389,388
1017,4,370,422
1018,1,346,332
1018,2,430,335
1018,3,388,388
1018,4,370,423
1019,1,346,333
1019,2,429,336
1019,3,387,388
1019,4,369,422
1020,1,348,335
1020,2,430,336
1020,3,387,388
1020,4,371,420
1021,1,344,332
1021,2,430,336
1021,3,386,390
1021,4,369,422
1022,1,347,334
1022,2,429,337
1022,3,386,390
1022,4,370,420
1023,1,349,334
1023,2,431,337
1023,3,386,390
1023,4,370,419
1024,1,346,333
1024,2,429,335
1024,3,386,388
1024,4,370,423
1025,1,348,335
1025,2,430,335
1025,3,386,388
1025,4,369,421
1026,1,350,339
1026,2,432,339
1026,3,387,388
1026,4,373,420
1027,1,352,337
1027,2,433,338
1027,3,387,388
1027,4,373,420
1028,1,350,332
1028,2,430,338
1028,3,387,388
1028,4,373,420
1029,1,348,334
1029,2,430,337
1029,3,387,388
1029,4,370,419
1030,1,349,335
1030,2,429,336
1030,3,387,388
1030,4,370,421
1031,1,347,332
1031,2,430,334
1031,3,389,388
1031,4,371,422
1032,1,347,335
1032,2,432,338
1032,3,389,388
1032,4,371,421
1033,1,346,333
1033,2,430,335
1033,3,388,389
1033,4,370,421
1034,1,348,337
1034,2,425,339
1034,3,388,389
1034,4,370,421
1035,1,350,335
1035,2,428,341
1035,3,388,389
1035,4,373,421
1036,1,345,333
1036,2,431,336
1036,3,389,391
1036,4,370,422
1037,1,349,334
1037,2,432,336
1037,3,389,391
1037,4,369,420
1038,1,351,335
1038,2,432,336
1038,3,391,391
1038,4,372,420
1039,1,346,333
1039,2,433,334
1039,3,389,389
1039,4,370,422
1040,1,347,331
1040,2,432,335
1040,3,389,388
1040,4,372,422
1041,1,348,332
1041,2,431,335
1041,3,389,388
1041,4,371,422
1042,1,348,331
1042,2,431,335
1042,3,389,388
1042,4,372,419
1043,1,347,333
1043,2,432,337
1043,3,388,387
1043,4,372,419
1044,1,345,332
1044,2,430,334
1044,3,390,388
1044,4,370,421
1045,1,345,333
1045,2,431,335
1045,3,387,390
1045,4,369,422
1046,1,351,336
1046,2,432,337
1046,3,387,390
1046,4,371,420
1047,1,350,335
1047,2,432,337
1047,3,387,390
1047,4,371,420
1048,1,351,336
1048,2,431,336
1048,3,387,390
1048,4,373,421
1049,1,347,332
1049,2,430,334
1049,3,389,388
1049,4,371,422
1050,1,348,338
1050,2,430,338
1050,3,388,387
1050,4,371,421
1051,1,348,332
1051,2,433,334
1051,3,389,388
1051,4,371,422
1052,1,348,332
1052,2,427,337
1052,3,389,393
1052,4,371,422
1053,1,345,334
1053,2,430,335
1053,3,389,389
1053,4,370,422
1054,1,349,334
1054,2,432,337
1054,3,389,389
1054,4,370,417
1055,1,347,335
1055,2,433,336
1055,3,389,389
1055,4,370,421
1056,1,352,337
1056,2,456,314
1056,3,390,395
1056,4,370,421
1057,1,349,332
1057,2,433,334
1057,3,390,387
1057,4,371,422
1058,1,353,338
1058,2,433,337
1058,3,391,387
1058,4,372,420
1059,1,348,332
1059,2,431,334
1059,3,389,388
1059,4,370,422
1060,1,346,333
1060,2,433,334
1060,3,389,390
1060,4,371,422
1061,1,348,332
1061,2,430,335
1061,3,389,385
1061,4,370,422
1062,1,347,337
1062,2,429,337
1062,3,389,385
1062,4,370,420
1063,1,347,331
1063,2,431,335
1063,3,389,388
1063,4,370,422
1064,1,344,332
1064,2,430,335
1064,3,389,389
1064,4,370,422
1065,1,349,335
1065,2,431,335
1065,3,389,388
1065,4,369,420
1066,1,353,340
1066,2,432,337
1066,3,391,394
1066,4,374,422
1067,1,351,337
1067,2,433,338
1067,3,391,394
1067,4,374,422
1068,1,351,337
1068,2,433,338
1068,3,387,385
1068,4,372,421
1069,1,347,333
1069,2,431,334
1069,3,389,388
1069,4,372,421
1070,1,349,335
1070,2,431,337
1070,3,389,388
1070,4,371,421
1071,1,349,333
1071,2,430,334
1071,3,387,386
1071,4,370,421
1072,1,347,333
1072,2,428,339
1072,3,387,386
1072,4,373,420
1073,1,348,334
1073,2,429,335
1073,3,389,386
1073,4,370,422
1074,1,346,334
1074,2,428,337
1074,3,389,386
1074,4,371,419
1075,1,347,332
1075,2,430,336
1075,3,389,386
1075,4,370,420
1076,1,348,335
1076,2,427,337
1076,3,389,386
1076,4,371,419
1077,1,351,332
1077,2,429,338
1077,3,389,386
1077,4,373,420
1078,1,349,335
1078,2,430,336
1078,3,389,387
1078,4,369,422
1079,1,351,336
1079,2,432,336
1079,3,389,387
1079,4,371,420
1080,1,346,332
1080,2,430,335
1080,3,389,387
1080,4,371,421
1081,1,347,332
1081,2,431,334
1081,3,388,388
1081,4,370,422
1082,1,345,335
1082,2,428,335
1082,3,388,388
1082,4,371,420
1083,1,346,333
1083,2,430,334
1083,3,388,387
1083,4,371,420
1084,1,351,335
1084,2,432,337
1084,3,388,387
1084,4,372,421
1085,1,346,332
1085,2,432,334
1085,3,388,389
1085,4,370,421
1086,1,346,332
1086,2,431,333
1086,3,388,387
1086,4,370,420
1087,1,349,336
1087,2,431,333
1087,3,388,387
1087,4,371,419
1088,1,347,334
1088,2,431,336
1088,3,389,388
1088,4,370,422
1089,1,350,337
1089,2,428,336
1089,3,389,388
1089,4,371,420
1090,1,344,331
1090,2,430,329
1090,3,388,386
1090,4,370,419
1091,1,347,320
1091,2,430,317
1091,3,388,386
1091,4,373,412
1092,1,350,318
1092,2,431,316
1092,3,390,369
1092,4,374,405
1093,1,350,310
1093,2,432,309
1093,3,389,362
1093,4,374,401
1094,1,344,311
1094,2,435,307
1094,3,391,361
1094,4,373,398
1095,1,345,307
1095,2,434,304
1095,3,391,357
1095,4,375,394
1096,1,346,307
1096,2,432,301
1096,3,391,355
1096,4,375,393
1097,1,344,303
1097,2,432,297
1097,3,390,351
1097,4,376,390
1098,1,345,297
1098,2,432,291
1098,3,392,343
1098,4,376,381
1099,1,347,293
1099,2,433,288
1099,3,391,339
1099,4,376,377
1100,1,347,293
1100,2,433,288
1100,3,391,339
1100,4,376,377