0,1,0,4
0,2,0,1124024324
0,3,0,1
0,4,0,0
1,1,0,0
1,2,0,128
1,3,80,0
1,4,0,0
2,1,380,291
2,2,467,296
2,3,423,342
2,4,397,380
3,1,380,291
3,2,467,296
3,3,421,343
3,4,432,402
4,1,380,291
4,2,468,296
4,3,420,343
4,4,439,440
5,1,379,291
5,2,467,296
5,3,418,344
5,4,400,382
6,1,379,291
6,2,467,296
6,3,418,344
6,4,396,379
7,1,376,292
7,2,465,296
7,3,418,344
7,4,396,380
8,1,376,292
8,2,465,299
8,3,416,344
8,4,395,379
9,1,374,292
9,2,462,299
9,3,414,348
9,4,394,380
10,1,372,292
10,2,460,299
10,3,414,346
10,4,390,379
11,1,371,292
11,2,458,299
11,3,410,348
11,4,389,380
12,1,371,292
12,2,458,299
12,3,410,346
12,4,392,380
13,1,373,291
13,2,461,298
13,3,411,344
13,4,392,380
14,1,373,291
14,2,461,298
14,3,411,344
14,4,392,379
15,1,373,291
15,2,461,298
15,3,411,344
15,4,392,378
16,1,373,291
16,2,461,298
16,3,413,346
16,4,394,378
17,1,373,291
17,2,460,298
17,3,413,344
17,4,394,380
18,1,371,292
18,2,457,298
18,3,411,344
18,4,390,380
19,1,371,292
19,2,457,298
19,3,410,346
19,4,392,381
20,1,372,292
20,2,458,298
20,3,411,346
20,4,393,382
21,1,373,292
21,2,459,298
21,3,412,348
21,4,394,381
22,1,374,292
22,2,460,298
22,3,413,346
22,4,392,381
23,1,374,292
23,2,460,298
23,3,413,346
23,4,393,381
24,1,374,292
24,2,460,298
24,3,413,346
24,4,395,382
25,1,374,292
25,2,460,298
25,3,414,346
25,4,393,382
26,1,374,292
26,2,460,298
26,3,413,344
26,4,394,381
27,1,374,292
27,2,459,298
27,3,412,346
27,4,393,383
28,1,373,292
28,2,458,297
28,3,412,345
28,4,396,384
29,1,371,293
29,2,456,300
29,3,411,348
29,4,393,381
30,1,371,293
30,2,456,298
30,3,410,347
30,4,393,384
31,1,371,292
31,2,456,296
31,3,408,348
31,4,392,383
32,1,371,292
32,2,455,299
32,3,410,348
32,4,392,383
33,1,371,292
33,2,455,299
33,3,410,348
33,4,391,383
34,1,386,295
34,2,456,302
34,3,408,346
34,4,391,383
35,1,386,295
35,2,455,299
35,3,408,347
35,4,391,383
36,1,385,295
36,2,453,299
36,3,406,350
36,4,391,383
37,1,383,295
37,2,451,299
37,3,404,349
37,4,391,378
38,1,379,295
38,2,447,299
38,3,400,350
38,4,391,378
39,1,364,288
39,2,431,291
39,3,386,341
39,4,391,378
40,1,363,281
40,2,429,285
40,3,384,335
40,4,370,367
41,1,364,280
41,2,429,284
41,3,382,334
41,4,370,367
42,1,364,280
42,2,429,284
42,3,382,334
42,4,370,367
43,1,364,280
43,2,429,284
43,3,382,334
43,4,370,367
44,1,364,280
44,2,429,284
44,3,382,334
44,4,370,367
45,1,344,289
45,2,425,287
45,3,383,330
45,4,364,371
46,1,347,289
46,2,426,286
46,3,385,330
46,4,366,372
47,1,348,288
47,2,428,287
47,3,386,338
47,4,367,373
48,1,345,287
48,2,429,289
48,3,384,336
48,4,365,373
49,1,342,286
49,2,426,287
49,3,379,334
49,4,362,372
50,1,342,288
50,2,426,289
50,3,381,336
50,4,360,371
51,1,346,293
51,2,429,294
51,3,382,341
51,4,361,374
52,1,338,291
52,2,427,294
52,3,383,340
52,4,362,374
53,1,339,290
53,2,429,293
53,3,384,339
53,4,361,374
54,1,339,291
54,2,426,295
54,3,385,344
54,4,363,373
55,1,345,291
55,2,428,293
55,3,385,338
55,4,363,376
56,1,345,290
56,2,428,293
56,3,386,343
56,4,363,372
57,1,345,290
57,2,426,294
57,3,383,343
57,4,364,374
58,1,345,290
58,2,427,294
58,3,383,341
58,4,363,375
59,1,345,290
59,2,430,292
59,3,384,338
59,4,363,376
60,1,345,290
60,2,427,295
60,3,383,340
60,4,364,372
61,1,346,290
61,2,430,292
61,3,383,340
61,4,362,373
62,1,346,290
62,2,429,290
62,3,383,340
62,4,362,374
63,1,345,290
63,2,430,289
63,3,386,341
63,4,361,374
64,1,344,288
64,2,427,294
64,3,385,340
64,4,365,373
65,1,344,288
65,2,427,294
65,3,386,339
65,4,364,374
66,1,344,288
66,2,430,295
66,3,382,340
66,4,363,372
67,1,344,288
67,2,430,295
67,3,382,340
67,4,363,372
68,1,344,288
68,2,430,295
68,3,382,340
68,4,363,372
69,1,344,288
69,2,430,295
69,3,382,340
69,4,363,372
70,1,343,291
70,2,426,293
70,3,382,336
70,4,363,375
71,1,343,291
71,2,428,292
71,3,383,338
71,4,362,374
72,1,343,291
72,2,425,293
72,3,383,340
72,4,361,371
73,1,343,291
73,2,427,290
73,3,383,341
73,4,363,375
74,1,343,291
74,2,430,290
74,3,383,341
74,4,362,375
75,1,343,291
75,2,430,291
75,3,384,340
75,4,363,373
76,1,343,291
76,2,429,295
76,3,383,340
76,4,362,372
77,1,343,291
77,2,426,294
77,3,384,339
77,4,360,372
78,1,343,291
78,2,424,294
78,3,384,339
78,4,362,372
79,1,343,291
79,2,428,293
79,3,383,342
79,4,362,374
80,1,343,291
80,2,427,293
80,3,383,342
80,4,360,371
81,1,343,291
81,2,426,294
81,3,384,341
81,4,362,373
82,1,343,291
82,2,427,291
82,3,384,341
82,4,362,374
83,1,343,291
83,2,428,293
83,3,383,341
83,4,362,374
84,1,343,291
84,2,425,292
84,3,382,339
84,4,360,373
85,1,343,291
85,2,427,294
85,3,383,342
85,4,361,373
86,1,343,291
86,2,426,292
86,3,384,341
86,4,363,375
87,1,343,291
87,2,428,292
87,3,384,341
87,4,363,374
88,1,343,291
88,2,428,291
88,3,384,341
88,4,362,373
89,1,343,291
89,2,429,294
89,3,383,341
89,4,363,372
90,1,343,291
90,2,428,293
90,3,383,342
90,4,364,374
91,1,343,291
91,2,425,293
91,3,383,342
91,4,363,373
92,1,343,291
92,2,428,294
92,3,383,343
92,4,364,374
93,1,343,291
93,2,426,294
93,3,384,341
93,4,362,372
94,1,343,291
94,2,426,291
94,3,383,342
94,4,362,373
95,1,343,291
95,2,426,292
95,3,383,342
95,4,363,375
96,1,343,291
96,2,426,293
96,3,383,339
96,4,362,374
97,1,343,291
97,2,426,293
97,3,383,339
97,4,362,374
98,1,343,291
98,2,426,293
98,3,383,339
98,4,362,374
99,1,343,291
99,2,426,293
99,3,383,339
99,4,362,374
100,1,343,291
100,2,426,293
100,3,383,339
100,4,362,374
101,1,343,291
101,2,426,293
101,3,383,339
101,4,362,374
102,1,343,291
102,2,426,293
102,3,383,339
102,4,362,374
103,1,343,291
103,2,426,293
103,3,383,339
103,4,362,374
104,1,343,291
104,2,426,293
104,3,383,339
104,4,362,374
105,1,342,318
105,2,428,317
105,3,382,371
105,4,362,374
106,1,339,319
106,2,426,319
106,3,382,369
106,4,362,374
107,1,339,319
107,2,426,319
107,3,382,369
107,4,362,374
108,1,339,319
108,2,426,319
108,3,382,369
108,4,362,374
109,1,336,315
109,2,426,316
109,3,384,369
109,4,362,374
110,1,343,316
110,2,427,316
110,3,383,367
110,4,366,403
111,1,343,316
111,2,428,321
111,3,384,372
111,4,366,403
112,1,343,316
112,2,424,320
112,3,384,372
112,4,366,402
113,1,340,318
113,2,428,319
113,3,382,369
113,4,364,404
114,1,340,318
114,2,428,319
114,3,382,369
114,4,364,404
115,1,340,318
115,2,428,319
115,3,382,369
115,4,364,404
116,1,340,318
116,2,428,319
116,3,382,369
116,4,364,404
117,1,340,318
117,2,428,319
117,3,382,369
117,4,364,404
118,1,340,318
118,2,428,319
118,3,382,369
118,4,364,404
119,1,340,318
119,2,428,319
119,3,382,369
119,4,364,404
120,1,340,318
120,2,428,319
120,3,382,369
120,4,364,404
121,1,340,318
121,2,428,319
121,3,382,369
121,4,364,404
122,1,340,318
122,2,428,319
122,3,382,369
122,4,364,404
123,1,340,318
123,2,428,319
123,3,382,369
123,4,364,404
124,1,340,318
124,2,428,319
124,3,382,369
124,4,364,404
125,1,340,318
125,2,428,319
125,3,382,369
125,4,364,404
126,1,340,318
126,2,428,319
126,3,382,369
126,4,364,404
127,1,340,318
127,2,428,319
127,3,382,369
127,4,364,404
128,1,340,318
128,2,428,319
128,3,382,369
128,4,364,404
129,1,340,318
129,2,428,319
129,3,382,369
129,4,364,404
130,1,343,315
130,2,427,315
130,3,384,367
130,4,365,402
131,1,343,315
131,2,426,319
131,3,384,367
131,4,365,402
132,1,343,315
132,2,426,319
132,3,384,367
132,4,365,402
133,1,343,315
133,2,426,319
133,3,382,366
133,4,364,402
134,1,343,315
134,2,426,320
134,3,379,370
134,4,365,402
135,1,343,315
135,2,426,320
135,3,381,369
135,4,365,402
136,1,343,315
136,2,426,320
136,3,381,370
136,4,365,402
137,1,343,315
137,2,426,320
137,3,381,370
137,4,365,402
138,1,343,315
138,2,426,320
138,3,381,370
138,4,365,402
139,1,343,315
139,2,426,320
139,3,381,369
139,4,366,401
140,1,343,315
140,2,425,319
140,3,381,371
140,4,366,401
141,1,343,315
141,2,425,319
141,3,382,370
141,4,364,401
142,1,343,315
142,2,425,319
142,3,381,370
142,4,364,401
143,1,343,315
143,2,425,319
143,3,382,369
143,4,365,401
144,1,343,315
144,2,425,319
144,3,380,371
144,4,364,401
145,1,343,315
145,2,425,319
145,3,379,371
145,4,364,401
146,1,343,315
146,2,425,319
146,3,380,370
146,4,364,401
147,1,346,314
147,2,425,319
147,3,381,370
147,4,365,401
148,1,346,314
148,2,425,319
148,3,381,369
148,4,367,401
149,1,346,314
149,2,425,319
149,3,381,371
149,4,367,401
150,1,346,314
150,2,425,319
150,3,381,370
150,4,367,401
151,1,346,314
151,2,425,319
151,3,381,370
151,4,367,401
152,1,346,314
152,2,425,319
152,3,381,369
152,4,367,401
153,1,346,314
153,2,426,316
153,3,380,371
153,4,365,402
154,1,346,314
154,2,426,316
154,3,380,371
154,4,367,401
155,1,346,314
155,2,424,318
155,3,380,371
155,4,367,401
156,1,346,314
156,2,425,318
156,3,380,371
156,4,367,401
157,1,346,314
157,2,425,319
157,3,380,371
157,4,367,401
158,1,346,314
158,2,426,316
158,3,380,371
158,4,367,401
159,1,346,314
159,2,426,316
159,3,380,371
159,4,366,401
160,1,346,314
160,2,426,316
160,3,380,371
160,4,363,401
161,1,346,314
161,2,426,317
161,3,380,371
161,4,365,401
162,1,347,314
162,2,427,317
162,3,380,371
162,4,365,401
163,1,347,314
163,2,427,317
163,3,380,371
163,4,365,401
164,1,347,314
164,2,427,317
164,3,380,371
164,4,365,401
165,1,347,314
165,2,427,317
165,3,380,371
165,4,365,401
166,1,347,314
166,2,427,317
166,3,380,371
166,4,364,400
167,1,347,314
167,2,427,317
167,3,380,371
167,4,363,399
168,1,347,314
168,2,425,318
168,3,380,371
168,4,364,402
169,1,347,314
169,2,425,318
169,3,380,371
169,4,364,399
170,1,346,314
170,2,424,318
170,3,380,371
170,4,365,401
171,1,346,314
171,2,425,318
171,3,380,371
171,4,365,401
172,1,346,314
172,2,425,318
172,3,380,371
172,4,365,401
173,1,346,314
173,2,425,318
173,3,380,371
173,4,365,400
174,1,346,314
174,2,425,318
174,3,380,371
174,4,365,400
175,1,346,314
175,2,425,318
175,3,380,371
175,4,365,400
176,1,342,317
176,2,425,318
176,3,382,366
176,4,363,402
177,1,342,317
177,2,425,318
177,3,382,366
177,4,363,402
178,1,342,317
178,2,425,318
178,3,382,366
178,4,363,402
179,1,342,317
179,2,425,318
179,3,382,366
179,4,363,402
180,1,350,312
180,2,424,319
180,3,383,372
180,4,366,403
181,1,342,317
181,2,427,316
181,3,380,367
181,4,365,402
182,1,342,317
182,2,427,316
182,3,380,367
182,4,365,402
183,1,342,317
183,2,427,316
183,3,380,367
183,4,365,402
184,1,342,317
184,2,427,316
184,3,380,367
184,4,365,402
185,1,342,317
185,2,427,316
185,3,380,367
185,4,365,402
186,1,342,317
186,2,427,316
186,3,380,367
186,4,365,402
187,1,342,317
187,2,427,316
187,3,380,367
187,4,365,402
188,1,342,317
188,2,427,316
188,3,380,367
188,4,365,402
189,1,342,317
189,2,427,316
189,3,380,367
189,4,365,402
190,1,342,317
190,2,427,316
190,3,380,367
190,4,365,402
191,1,342,317
191,2,427,316
191,3,380,367
191,4,365,402
192,1,342,317
192,2,427,316
192,3,380,367
192,4,365,402
193,1,342,317
193,2,427,316
193,3,380,367
193,4,365,402
194,1,342,317
194,2,427,316
194,3,380,367
194,4,365,402
195,1,342,317
195,2,427,316
195,3,380,367
195,4,365,402
196,1,342,317
196,2,427,316
196,3,380,367
196,4,365,402
197,1,341,314
197,2,427,315
197,3,381,368
197,4,365,403
198,1,341,314
198,2,427,315
198,3,380,370
198,4,365,403
199,1,341,314
199,2,427,315
199,3,380,370
199,4,365,403
200,1,341,314
200,2,427,315
200,3,380,370
200,4,365,403
201,1,341,314
201,2,422,318
201,3,380,370
201,4,365,403
202,1,341,314
202,2,422,317
202,3,379,371
202,4,365,403
203,1,341,314
203,2,422,317
203,3,379,371
203,4,365,403
204,1,341,314
204,2,422,317
204,3,379,371
204,4,366,402
205,1,341,314
205,2,422,317
205,3,379,371
205,4,366,402
206,1,341,314
206,2,422,317
206,3,379,371
206,4,366,402
207,1,341,314
207,2,422,317
207,3,379,371
207,4,366,402
208,1,341,314
208,2,422,317
208,3,379,371
208,4,363,401
209,1,341,314
209,2,424,317
209,3,379,371
209,4,362,403
210,1,341,314
210,2,425,317
210,3,379,371
210,4,363,403
211,1,341,314
211,2,425,317
211,3,380,365
211,4,363,403
212,1,341,314
212,2,425,317
212,3,380,372
212,4,364,403
213,1,341,314
213,2,425,317
213,3,380,372
213,4,363,403
214,1,341,314
214,2,425,317
214,3,381,371
214,4,364,403
215,1,340,314
215,2,424,317
215,3,381,371
215,4,363,403
216,1,340,314
216,2,428,316
216,3,380,371
216,4,364,404
217,1,344,314
217,2,433,316
217,3,379,371
217,4,364,402
218,1,344,315
218,2,434,317
218,3,380,371
218,4,362,401
219,1,343,315
219,2,432,317
219,3,380,371
219,4,362,401
220,1,342,315
220,2,429,317
220,3,380,371
220,4,363,402
221,1,342,315
221,2,429,317
221,3,384,364
221,4,364,402
222,1,345,315
222,2,432,317
222,3,384,364
222,4,362,401
223,1,345,315
223,2,432,317
223,3,384,364
223,4,364,402
224,1,345,315
224,2,432,317
224,3,384,364
224,4,364,402
225,1,345,315
225,2,432,317
225,3,384,364
225,4,363,403
226,1,345,315
226,2,432,317
226,3,384,364
226,4,364,402
227,1,345,315
227,2,432,317
227,3,384,364
227,4,364,401
228,1,345,315
228,2,432,317
228,3,384,364
228,4,364,401
229,1,343,315
229,2,430,317
229,3,384,364
229,4,364,401
230,1,343,315
230,2,430,317
230,3,384,364
230,4,364,401
231,1,343,315
231,2,430,317
231,3,384,364
231,4,364,401
232,1,343,315
232,2,430,317
232,3,384,364
232,4,364,401
233,1,345,315
233,2,433,317
233,3,385,364
233,4,363,402
234,1,345,315
234,2,434,317
234,3,385,364
234,4,364,401
235,1,345,315
235,2,434,317
235,3,385,364
235,4,364,402
236,1,345,315
236,2,434,317
236,3,385,364
236,4,362,401
237,1,345,315
237,2,434,317
237,3,385,364
237,4,364,402
238,1,345,315
238,2,434,317
238,3,384,364
238,4,363,401
239,1,345,315
239,2,434,317
239,3,385,364
239,4,365,402
240,1,343,315
240,2,430,317
240,3,385,364
240,4,365,401
241,1,343,315
241,2,430,317
241,3,384,364
241,4,365,403
242,1,343,315
242,2,430,317
242,3,385,364
242,4,363,402
243,1,343,315
243,2,430,317
243,3,385,364
243,4,364,402
244,1,343,315
244,2,430,317
244,3,385,364
244,4,364,402
245,1,343,315
245,2,430,317
245,3,384,363
245,4,364,402
246,1,343,315
246,2,430,317
246,3,384,363
246,4,364,402
247,1,343,315
247,2,430,317
247,3,384,363
247,4,364,402
248,1,345,315
248,2,433,317
248,3,385,364
248,4,363,401
249,1,345,315
249,2,433,317
249,3,384,363
249,4,365,402
250,1,345,315
250,2,433,317
250,3,381,371
250,4,365,401
251,1,345,315
251,2,433,317
251,3,381,371
251,4,364,402
252,1,345,315
252,2,433,317
252,3,381,371
252,4,364,401
253,1,345,315
253,2,433,317
253,3,382,372
253,4,364,402
254,1,342,315
254,2,430,318
254,3,383,373
254,4,364,402
255,1,342,315
255,2,430,318
255,3,382,373
255,4,363,403
256,1,342,315
256,2,430,318
256,3,382,373
256,4,363,404
257,1,342,315
257,2,430,318
257,3,379,373
257,4,364,401
258,1,342,315
258,2,430,318
258,3,380,373
258,4,363,402
259,1,339,315
259,2,430,320
259,3,379,373
259,4,363,403
260,1,339,315
260,2,430,320
260,3,379,373
260,4,363,403
261,1,339,315
261,2,426,319
261,3,381,369
261,4,364,403
262,1,339,315
262,2,426,319
262,3,381,374
262,4,364,402
263,1,339,315
263,2,427,319
263,3,381,373
263,4,364,401
264,1,338,315
264,2,427,319
264,3,381,373
264,4,364,402
265,1,339,315
265,2,427,319
265,3,381,372
265,4,364,403
266,1,339,315
266,2,427,319
266,3,381,370
266,4,363,404
267,1,339,315
267,2,427,319
267,3,379,372
267,4,364,403
268,1,339,315
268,2,427,319
268,3,379,372
268,4,362,402
269,1,339,315
269,2,427,319
269,3,379,372
269,4,364,403
270,1,339,315
270,2,426,319
270,3,379,372
270,4,364,404
271,1,339,315
271,2,426,319
271,3,379,372
271,4,364,404
272,1,339,315
272,2,426,319
272,3,379,372
272,4,364,401
273,1,339,315
273,2,426,319
273,3,379,372
273,4,364,401
274,1,339,315
274,2,426,319
274,3,379,370
274,4,361,403
275,1,339,315
275,2,426,319
275,3,379,372
275,4,364,404
276,1,339,315
276,2,426,319
276,3,379,370
276,4,363,401
277,1,339,315
277,2,426,319
277,3,379,370
277,4,365,402
278,1,339,315
278,2,426,319
278,3,379,370
278,4,365,401
279,1,339,315
279,2,426,319
279,3,379,370
279,4,363,402
280,1,339,314
280,2,425,319
280,3,379,372
280,4,364,403
281,1,339,314
281,2,430,317
281,3,381,371
281,4,365,404
282,1,340,314
282,2,430,317
282,3,380,371
282,4,365,403
283,1,340,314
283,2,430,317
283,3,379,371
283,4,364,402
284,1,340,314
284,2,430,317
284,3,380,371
284,4,363,401
285,1,340,314
285,2,427,318
285,3,381,373
285,4,365,402
286,1,339,314
286,2,427,318
286,3,381,371
286,4,365,402
287,1,338,314
287,2,427,318
287,3,381,371
287,4,365,403
288,1,338,314
288,2,427,318
288,3,381,371
288,4,365,403
289,1,338,314
289,2,427,318
289,3,381,371
289,4,364,404
290,1,338,314
290,2,427,318
290,3,381,371
290,4,363,403
291,1,338,314
291,2,427,318
291,3,381,371
291,4,364,404
292,1,338,314
292,2,427,318
292,3,381,371
292,4,363,401
293,1,338,314
293,2,429,318
293,3,381,371
293,4,365,404
294,1,338,314
294,2,429,318
294,3,380,370
294,4,365,404
295,1,338,314
295,2,430,318
295,3,378,374
295,4,363,403
296,1,338,314
296,2,430,318
296,3,378,370
296,4,363,403
297,1,338,314
297,2,430,319
297,3,378,372
297,4,364,403
298,1,338,314
298,2,430,319
298,3,377,372
298,4,365,404
299,1,337,314
299,2,429,319
299,3,378,374
299,4,364,403
300,1,337,314
300,2,428,319
300,3,377,372
300,4,365,404
301,1,337,314
301,2,426,319
301,3,376,372
301,4,365,403
302,1,337,314
302,2,426,319
302,3,375,372
302,4,365,404
303,1,337,314
303,2,426,319
303,3,375,372
303,4,365,403
304,1,337,314
304,2,426,319
304,3,375,372
304,4,365,403
305,1,337,314
305,2,426,319
305,3,375,372
305,4,366,404
306,1,337,314
306,2,426,319
306,3,375,372
306,4,366,404
307,1,337,314
307,2,426,319
307,3,375,372
307,4,365,403
308,1,337,314
308,2,426,319
308,3,375,372
308,4,365,404
309,1,337,314
309,2,428,320
309,3,375,372
309,4,365,403
310,1,338,314
310,2,427,320
310,3,375,372
310,4,367,404
311,1,337,314
311,2,427,320
311,3,375,372
311,4,367,404
312,1,336,314
312,2,426,320
312,3,375,372
312,4,365,403
313,1,336,314
313,2,426,320
313,3,374,372
313,4,364,404
314,1,336,314
314,2,426,320
314,3,375,372
314,4,364,403
315,1,336,314
315,2,426,320
315,3,375,372
315,4,365,404
316,1,336,314
316,2,426,320
316,3,374,372
316,4,364,403
317,1,335,314
317,2,425,320
317,3,374,373
317,4,365,404
318,1,335,314
318,2,425,320
318,3,374,372
318,4,365,404
319,1,335,314
319,2,425,320
319,3,374,372
319,4,365,403
320,1,335,314
320,2,426,320
320,3,375,373
320,4,366,404
321,1,335,314
321,2,426,320
321,3,374,372
321,4,364,403
322,1,335,314
322,2,426,320
322,3,374,372
322,4,364,404
323,1,335,314
323,2,426,320
323,3,374,372
323,4,365,403
324,1,335,314
324,2,426,320
324,3,374,372
324,4,364,404
325,1,335,314
325,2,426,320
325,3,374,372
325,4,365,403
326,1,335,314
326,2,426,320
326,3,375,372
326,4,366,404
327,1,335,314
327,2,426,320
327,3,375,372
327,4,364,401
328,1,335,314
328,2,426,320
328,3,375,372
328,4,365,404
329,1,335,314
329,2,426,320
329,3,375,372
329,4,366,403
330,1,335,314
330,2,426,320
330,3,375,372
330,4,364,404
331,1,335,314
331,2,425,320
331,3,374,372
331,4,364,404
332,1,335,314
332,2,425,320
332,3,374,372
332,4,363,403
333,1,335,314
333,2,425,320
333,3,375,372
333,4,365,406
334,1,335,314
334,2,425,320
334,3,374,372
334,4,366,403
335,1,335,314
335,2,425,320
335,3,374,372
335,4,365,404
336,1,335,314
336,2,425,320
336,3,375,373
336,4,364,403
337,1,335,314
337,2,425,320
337,3,374,372
337,4,365,404
338,1,335,314
338,2,425,320
338,3,374,372
338,4,364,403
339,1,336,314
339,2,425,320
339,3,375,372
339,4,365,404
340,1,336,314
340,2,425,320
340,3,375,372
340,4,366,403
341,1,336,314
341,2,426,320
341,3,375,372
341,4,366,403
342,1,336,314
342,2,426,320
342,3,375,372
342,4,365,404
343,1,336,314
343,2,426,320
343,3,376,373
343,4,365,403
344,1,336,314
344,2,426,320
344,3,377,375
344,4,367,406
345,1,336,314
345,2,425,320
345,3,376,375
345,4,366,403
346,1,336,314
346,2,425,320
346,3,375,375
346,4,366,403
347,1,336,314
347,2,425,320
347,3,375,375
347,4,361,404
348,1,336,314
348,2,425,320
348,3,375,375
348,4,361,404
349,1,336,314
349,2,425,320
349,3,375,375
349,4,361,404
350,1,336,314
350,2,425,320
350,3,375,375
350,4,364,403
351,1,336,314
351,2,425,320
351,3,375,375
351,4,363,404
352,1,336,314
352,2,425,320
352,3,375,375
352,4,365,403
353,1,336,314
353,2,425,320
353,3,375,375
353,4,366,404
354,1,336,314
354,2,425,320
354,3,375,375
354,4,365,403
355,1,336,314
355,2,425,320
355,3,376,375
355,4,365,403
356,1,336,314
356,2,425,320
356,3,376,376
356,4,361,404
357,1,336,314
357,2,425,320
357,3,376,376
357,4,365,405
358,1,336,314
358,2,425,320
358,3,377,374
358,4,366,404
359,1,336,314
359,2,425,320
359,3,376,374
359,4,365,403
360,1,336,314
360,2,425,320
360,3,375,374
360,4,366,404
361,1,336,314
361,2,425,320
361,3,375,374
361,4,366,404
362,1,336,314
362,2,425,320
362,3,375,374
362,4,366,404
363,1,336,314
363,2,425,320
363,3,375,374
363,4,360,404
364,1,336,314
364,2,425,320
364,3,375,374
364,4,364,403
365,1,336,314
365,2,425,320
365,3,375,374
365,4,366,404
366,1,337,314
366,2,426,320
366,3,375,374
366,4,363,403
367,1,337,314
367,2,426,320
367,3,376,374
367,4,363,403
368,1,337,314
368,2,426,320
368,3,377,374
368,4,362,404
369,1,337,314
369,2,426,320
369,3,377,374
369,4,362,404
370,1,337,314
370,2,426,320
370,3,377,374
370,4,362,404
371,1,337,314
371,2,426,320
371,3,376,374
371,4,364,403
372,1,337,314
372,2,426,320
372,3,377,374
372,4,367,404
373,1,337,314
373,2,426,320
373,3,377,376
373,4,366,403
374,1,337,314
374,2,426,320
374,3,377,376
374,4,365,404
375,1,337,314
375,2,426,320
375,3,377,376
375,4,366,403
376,1,337,314
376,2,426,320
376,3,378,374
376,4,366,403
377,1,337,314
377,2,426,320
377,3,377,374
377,4,362,406
378,1,337,314
378,2,426,320
378,3,376,374
378,4,364,403
379,1,337,314
379,2,426,320
379,3,375,372
379,4,365,404
380,1,337,314
380,2,426,320
380,3,375,372
380,4,366,403
381,1,336,314
381,2,426,321
381,3,375,372
381,4,365,403
382,1,335,314
382,2,426,320
382,3,375,372
382,4,367,404
383,1,335,314
383,2,426,320
383,3,375,372
383,4,367,404
384,1,335,314
384,2,427,320
384,3,376,373
384,4,368,403
385,1,335,314
385,2,427,320
385,3,376,373
385,4,365,404
386,1,335,314
386,2,427,320
386,3,376,373
386,4,366,403
387,1,335,314
387,2,427,320
387,3,376,373
387,4,365,404
388,1,335,314
388,2,427,320
388,3,376,373
388,4,365,403
389,1,335,314
389,2,427,320
389,3,376,373
389,4,366,404
390,1,335,314
390,2,426,320
390,3,377,375
390,4,366,404
391,1,335,314
391,2,426,320
391,3,377,375
391,4,361,405
392,1,335,314
392,2,426,320
392,3,378,375
392,4,361,405
393,1,335,314
393,2,426,320
393,3,377,375
393,4,361,403
394,1,335,314
394,2,426,320
394,3,376,375
394,4,365,406
395,1,335,314
395,2,426,320
395,3,376,375
395,4,368,403
396,1,335,314
396,2,426,320
396,3,377,373
396,4,368,403
397,1,335,314
397,2,426,320
397,3,378,375
397,4,368,403
398,1,335,314
398,2,427,320
398,3,377,375
398,4,363,403
399,1,335,314
399,2,427,320
399,3,378,375
399,4,363,403
400,1,335,314
400,2,427,320
400,3,377,375
400,4,363,405
401,1,335,314
401,2,427,320
401,3,377,375
401,4,364,404
402,1,335,314
402,2,427,320
402,3,377,375
402,4,365,403
403,1,335,314
403,2,427,320
403,3,377,375
403,4,368,404
404,1,334,314
404,2,426,320
404,3,376,375
404,4,365,403
405,1,334,314
405,2,426,320
405,3,376,375
405,4,365,404
406,1,334,314
406,2,426,320
406,3,377,375
406,4,365,403
407,1,334,314
407,2,426,320
407,3,378,378
407,4,365,403
408,1,334,314
408,2,426,320
408,3,377,372
408,4,363,405
409,1,334,314
409,2,426,320
409,3,377,372
409,4,364,404
410,1,334,314
410,2,426,320
410,3,377,372
410,4,365,403
411,1,334,314
411,2,426,320
411,3,377,372
411,4,367,404
412,1,334,314
412,2,426,320
412,3,378,372
412,4,366,403
413,1,334,314
413,2,427,320
413,3,379,373
413,4,367,404
414,1,334,314
414,2,427,320
414,3,380,374
414,4,365,405
415,1,334,314
415,2,427,320
415,3,379,373
415,4,365,404
416,1,334,314
416,2,427,320
416,3,380,376
416,4,365,404
417,1,334,314
417,2,427,320
417,3,379,373
417,4,361,405
418,1,334,314
418,2,427,320
418,3,380,374
418,4,366,404
419,1,334,314
419,2,427,320
419,3,379,373
419,4,364,403
420,1,334,314
420,2,427,320
420,3,378,375
420,4,363,404
421,1,334,314
421,2,426,320
421,3,377,375
421,4,364,403
422,1,334,314
422,2,426,320
422,3,378,378
422,4,364,403
423,1,334,314
423,2,426,320
423,3,377,374
423,4,363,405
424,1,334,314
424,2,426,320
424,3,378,375
424,4,365,406
425,1,334,314
425,2,426,320
425,3,377,375
425,4,368,403
426,1,334,314
426,2,426,320
426,3,378,378
426,4,368,403
427,1,334,314
427,2,426,320
427,3,377,374
427,4,364,406
428,1,334,314
428,2,426,320
428,3,377,374
428,4,366,405
429,1,334,314
429,2,426,320
429,3,377,374
429,4,365,404
430,1,334,314
430,2,426,320
430,3,377,374
430,4,368,405
431,1,334,314
431,2,426,320
431,3,377,374
431,4,366,404
432,1,334,314
432,2,426,320
432,3,377,374
432,4,367,403
433,1,334,314
433,2,426,320
433,3,377,374
433,4,366,404
434,1,334,314
434,2,425,320
434,3,377,374
434,4,366,403
435,1,334,314
435,2,425,320
435,3,378,375
435,4,366,404
436,1,334,314
436,2,425,320
436,3,377,375
436,4,363,403
437,1,334,314
437,2,425,320
437,3,377,375
437,4,365,404
438,1,334,314
438,2,425,320
438,3,377,375
438,4,366,403
439,1,334,314
439,2,425,320
439,3,377,375
439,4,367,404
440,1,334,314
440,2,425,320
440,3,377,375
440,4,367,405
441,1,334,314
441,2,425,320
441,3,378,376
441,4,366,404
442,1,335,314
442,2,425,320
442,3,377,374
442,4,365,403
443,1,335,314
443,2,425,320
443,3,377,374
443,4,365,404
444,1,335,314
444,2,425,320
444,3,378,374
444,4,365,405
445,1,335,314
445,2,425,320
445,3,377,374
445,4,366,404
446,1,335,314
446,2,425,320
446,3,377,374
446,4,365,403
447,1,334,314
447,2,425,320
447,3,376,374
447,4,368,406
448,1,334,314
448,2,425,320
448,3,376,374
448,4,365,403
449,1,334,314
449,2,425,320
449,3,376,374
449,4,367,406
450,1,334,314
450,2,425,320
450,3,377,374
450,4,368,403
451,1,334,314
451,2,425,320
451,3,378,375
451,4,368,403
452,1,334,314
452,2,425,320
452,3,377,375
452,4,360,403
453,1,334,314
453,2,425,320
453,3,378,376
453,4,360,403
454,1,334,314
454,2,425,320
454,3,379,371
454,4,362,403
455,1,334,314
455,2,425,320
455,3,378,376
455,4,364,406
456,1,334,314
456,2,425,320
456,3,379,373
456,4,364,406
457,1,334,314
457,2,425,320
457,3,380,376
457,4,364,406
458,1,334,314
458,2,425,320
458,3,379,375
458,4,360,403
459,1,334,314
459,2,425,320
459,3,380,376
459,4,364,406
460,1,334,314
460,2,425,320
460,3,379,373
460,4,365,405
461,1,334,314
461,2,425,320
461,3,380,376
461,4,367,406
462,1,334,314
462,2,425,320
462,3,381,375
462,4,368,405
463,1,334,314
463,2,425,320
463,3,380,376
463,4,367,404
464,1,334,315
464,2,424,320
464,3,379,373
464,4,365,405
465,1,334,315
465,2,424,320
465,3,378,378
465,4,365,405
466,1,334,315
466,2,424,320
466,3,377,377
466,4,361,405
467,1,334,315
467,2,424,320
467,3,377,377
467,4,364,405
468,1,334,315
468,2,424,320
468,3,377,377
468,4,364,405
469,1,334,315
469,2,424,320
469,3,378,376
469,4,361,405
470,1,335,315
470,2,424,320
470,3,377,373
470,4,365,406
471,1,335,315
471,2,424,320
471,3,377,373
471,4,365,406
472,1,335,315
472,2,424,320
472,3,377,373
472,4,365,406
473,1,336,315
473,2,424,320
473,3,377,373
473,4,367,405
474,1,336,315
474,2,424,320
474,3,378,373
474,4,367,404
475,1,336,315
475,2,424,320
475,3,379,376
475,4,367,405
476,1,336,315
476,2,424,320
476,3,378,373
476,4,366,404
477,1,336,315
477,2,424,320
477,3,379,376
477,4,364,403
478,1,336,315
478,2,424,320
478,3,378,371
478,4,364,406
479,1,336,315
479,2,424,320
479,3,377,373
479,4,364,405
480,1,336,315
480,2,423,320
480,3,378,376
480,4,364,406
481,1,336,315
481,2,423,320
481,3,379,371
481,4,364,406
482,1,336,315
482,2,423,320
482,3,380,376
482,4,364,406
483,1,335,315
483,2,423,320
483,3,379,373
483,4,361,404
484,1,335,315
484,2,423,320
484,3,378,374
484,4,365,403
485,1,335,315
485,2,423,320
485,3,377,373
485,4,365,406
486,1,335,315
486,2,423,320
486,3,377,373
486,4,365,403
487,1,335,315
487,2,423,320
487,3,377,373
487,4,366,406
488,1,335,315
488,2,423,320
488,3,377,373
488,4,366,406
489,1,335,315
489,2,423,320
489,3,378,376
489,4,366,406
490,1,335,315
490,2,423,320
490,3,379,373
490,4,362,404
491,1,335,315
491,2,423,320
491,3,380,374
491,4,362,404
492,1,335,315
492,2,423,320
492,3,380,374
492,4,361,404
493,1,335,315
493,2,423,320
493,3,380,374
493,4,365,405
494,1,335,315
494,2,423,320
494,3,380,374
494,4,365,406
495,1,335,315
495,2,423,320
495,3,380,374
495,4,366,405
496,1,335,315
496,2,423,320
496,3,380,374
496,4,366,404
497,1,335,315
497,2,423,320
497,3,380,374
497,4,365,403
498,1,335,315
498,2,423,320
498,3,380,374
498,4,365,404
499,1,335,315
499,2,423,320
499,3,380,374
499,4,366,403
500,1,335,315
500,2,423,320
500,3,380,374
500,4,367,404
501,1,335,315
501,2,423,320
501,3,380,374
501,4,366,405
502,1,335,315
502,2,423,320
502,3,380,374
502,4,364,406
503,1,335,315
503,2,423,320
503,3,380,374
503,4,366,405
504,1,334,315
504,2,423,320
504,3,380,374
504,4,365,406
505,1,334,315
505,2,423,320
505,3,380,374
505,4,366,405
506,1,334,315
506,2,423,320
506,3,380,374
506,4,366,404
507,1,334,315
507,2,423,320
507,3,380,374
507,4,364,405
508,1,335,315
508,2,423,320
508,3,380,374
508,4,365,404
509,1,336,315
509,2,423,320
509,3,380,374
509,4,365,404
510,1,336,315
510,2,423,320
510,3,380,374
510,4,366,403
511,1,336,315
511,2,423,320
511,3,380,374
511,4,367,404
512,1,336,315
512,2,423,320
512,3,380,374
512,4,366,405
513,1,336,315
513,2,423,320
513,3,380,374
513,4,365,406
514,1,336,315
514,2,423,320
514,3,380,374
514,4,366,403
515,1,336,315
515,2,423,320
515,3,380,374
515,4,367,404
516,1,336,315
516,2,423,320
516,3,380,374
516,4,366,403
517,1,336,315
517,2,423,320
517,3,380,374
517,4,366,404
518,1,336,315
518,2,423,320
518,3,380,374
518,4,366,403
519,1,336,315
519,2,423,320
519,3,380,374
519,4,366,406
520,1,336,315
520,2,423,320
520,3,380,374
520,4,366,405
521,1,336,315
521,2,423,320
521,3,380,374
521,4,365,406
522,1,336,315
522,2,423,320
522,3,380,374
522,4,367,405
523,1,336,315
523,2,423,320
523,3,380,374
523,4,367,405
524,1,336,315
524,2,423,320
524,3,380,374
524,4,366,406
525,1,336,315
525,2,423,320
525,3,380,374
525,4,366,405
526,1,337,315
526,2,423,320
526,3,380,374
526,4,366,406
527,1,337,315
527,2,430,319
527,3,383,369
527,4,366,405
528,1,337,315
528,2,430,319
528,3,383,374
528,4,365,406
529,1,337,315
529,2,430,319
529,3,383,377
529,4,365,405
530,1,337,315
530,2,430,319
530,3,381,373
530,4,367,406
531,1,337,315
531,2,430,319
531,3,381,373
531,4,367,405
532,1,337,315
532,2,429,319
532,3,381,375
532,4,367,406
533,1,337,315
533,2,428,319
533,3,381,375
533,4,366,405
534,1,337,315
534,2,428,319
534,3,381,376
534,4,366,406
535,1,337,315
535,2,428,319
535,3,381,375
535,4,366,403
536,1,336,314
536,2,428,319
536,3,381,374
536,4,365,404
537,1,336,313
537,2,428,318
537,3,381,371
537,4,365,401
538,1,336,311
538,2,428,316
538,3,380,372
538,4,364,402
539,1,336,307
539,2,427,312
539,3,380,366
539,4,365,397
540,1,335,301
540,2,427,306
540,3,379,359
540,4,364,392
541,1,335,294
541,2,427,299
541,3,379,353
541,4,363,381
542,1,336,288
542,2,427,293
542,3,380,345
542,4,365,374
543,1,336,283
543,2,427,288
543,3,380,339
543,4,365,374
544,1,336,280
544,2,429,285
544,3,380,334
544,4,362,365
545,1,337,280
545,2,429,285
545,3,380,334
545,4,363,364
546,1,338,281
546,2,430,286
546,3,381,335
546,4,363,363
547,1,337,281
547,2,429,286
547,3,380,335
547,4,363,363
548,1,337,281
548,2,427,285
548,3,380,335
548,4,360,366
549,1,337,281
549,2,427,285
549,3,380,335
549,4,361,365
550,1,337,282
550,2,428,291
550,3,380,336
550,4,363,365
551,1,337,283
551,2,429,290
551,3,379,337
551,4,361,367
552,1,336,284
552,2,429,291
552,3,379,338
552,4,362,367
553,1,336,284
553,2,430,292
553,3,379,339
553,4,359,367
554,1,336,285
554,2,430,293
554,3,377,339
554,4,359,369
555,1,336,285
555,2,429,292
555,3,377,339
555,4,359,369
556,1,336,285
556,2,423,292
556,3,377,341
556,4,360,369
557,1,336,285
557,2,423,292
557,3,377,341
557,4,360,369
558,1,336,285
558,2,423,292
558,3,377,342
558,4,360,369
559,1,336,285
559,2,423,292
559,3,377,342
559,4,358,368
560,1,336,285
560,2,423,292
560,3,377,342
560,4,360,368
561,1,336,285
561,2,423,292
561,3,377,342
561,4,360,368
562,1,336,285
562,2,423,292
562,3,378,342
562,4,358,368
563,1,336,285
563,2,423,292
563,3,379,337
563,4,359,368
564,1,336,285
564,2,423,292
564,3,379,337
564,4,361,368
565,1,336,285
565,2,423,292
565,3,379,337
565,4,363,368
566,1,336,285
566,2,423,292
566,3,380,338
566,4,363,368
567,1,336,285
567,2,423,292
567,3,378,339
567,4,363,368
568,1,336,285
568,2,423,292
568,3,378,340
568,4,363,368
569,1,336,285
569,2,423,292
569,3,379,337
569,4,363,368
570,1,336,285
570,2,423,293
570,3,380,338
570,4,363,368
571,1,336,285
571,2,423,293
571,3,380,338
571,4,362,370
572,1,336,285
572,2,423,293
572,3,380,338
572,4,361,370
573,1,336,285
573,2,423,293
573,3,380,338
573,4,362,370
574,1,336,285
574,2,423,293
574,3,380,338
574,4,361,368
575,1,336,285
575,2,423,293
575,3,380,338
575,4,362,368
576,1,336,285
576,2,429,289
576,3,380,341
576,4,360,371
577,1,336,285
577,2,429,289
577,3,380,339
577,4,360,372
578,1,336,285
578,2,429,289
578,3,380,341
578,4,359,371
579,1,336,285
579,2,429,292
579,3,380,341
579,4,362,371
580,1,337,285
580,2,429,292
580,3,378,341
580,4,361,371
581,1,337,285
581,2,429,292
581,3,378,341
581,4,361,371
582,1,337,285
582,2,429,292
582,3,378,341
582,4,361,371
583,1,337,285
583,2,429,292
583,3,378,341
583,4,361,371
584,1,337,285
584,2,429,292
584,3,377,341
584,4,363,371
585,1,337,285
585,2,428,292
585,3,377,342
585,4,363,371
586,1,337,285
586,2,426,292
586,3,377,342
586,4,363,371
587,1,337,285
587,2,426,292
587,3,377,342
587,4,363,371
588,1,337,285
588,2,426,292
588,3,377,342
588,4,363,371
589,1,337,285
589,2,426,292
589,3,377,342
589,4,363,371
590,1,337,285
590,2,426,292
590,3,377,342
590,4,363,371
591,1,337,285
591,2,426,292
591,3,377,342
591,4,362,371
592,1,337,285
592,2,426,292
592,3,377,343
592,4,362,371
593,1,337,285
593,2,426,292
593,3,377,343
593,4,361,373
594,1,337,285
594,2,427,292
594,3,377,343
594,4,363,373
595,1,337,285
595,2,427,292
595,3,378,343
595,4,365,373
596,1,337,285
596,2,427,292
596,3,378,343
596,4,363,373
597,1,338,285
597,2,427,292
597,3,378,343
597,4,363,373
598,1,338,285
598,2,427,292
598,3,378,343
598,4,363,373
599,1,338,285
599,2,427,292
599,3,378,343
599,4,363,373
600,1,338,285
600,2,427,292
600,3,378,343
600,4,363,373
601,1,338,285
601,2,427,292
601,3,378,343
601,4,363,373
602,1,338,285
602,2,426,292
602,3,378,343
602,4,363,373
603,1,338,285
603,2,426,292
603,3,377,343
603,4,363,373
604,1,338,285
604,2,426,292
604,3,377,343
604,4,363,373
605,1,338,285
605,2,426,292
605,3,377,344
605,4,363,373
606,1,338,285
606,2,426,292
606,3,377,344
606,4,363,375
607,1,338,285
607,2,426,292
607,3,377,344
607,4,363,373
608,1,338,285
608,2,426,292
608,3,378,344
608,4,363,373
609,1,338,285
609,2,426,292
609,3,378,344
609,4,363,373
610,1,338,285
610,2,426,292
610,3,376,342
610,4,363,373
611,1,338,285
611,2,426,292
611,3,376,342
611,4,363,373
612,1,338,285
612,2,427,292
612,3,377,342
612,4,363,373
613,1,338,285
613,2,427,292
613,3,377,342
613,4,363,373
614,1,338,285
614,2,429,296
614,3,377,342
614,4,363,373
615,1,338,285
615,2,429,296
615,3,377,342
615,4,362,375
616,1,340,285
616,2,429,297
616,3,377,342
616,4,361,374
617,1,341,285
617,2,429,298
617,3,377,342
617,4,363,373
618,1,339,285
618,2,428,297
618,3,376,342
618,4,362,374
619,1,338,285
619,2,427,296
619,3,376,342
619,4,362,373
620,1,338,285
620,2,427,296
620,3,376,342
620,4,361,374
621,1,338,285
621,2,427,296
621,3,376,342
621,4,361,373
622,1,338,285
622,2,427,296
622,3,376,342
622,4,362,374
623,1,338,285
623,2,427,296
623,3,376,342
623,4,361,371
624,1,338,285
624,2,427,296
624,3,376,342
624,4,360,374
625,1,338,285
625,2,427,296
625,3,376,342
625,4,361,373
626,1,338,285
626,2,427,296
626,3,376,342
626,4,362,374
627,1,338,285
627,2,429,296
627,3,376,342
627,4,361,374
628,1,338,285
628,2,429,296
628,3,376,342
628,4,362,374
629,1,338,285
629,2,429,296
629,3,376,342
629,4,362,372
630,1,338,285
630,2,429,296
630,3,376,342
630,4,361,374
631,1,338,285
631,2,429,296
631,3,376,342
631,4,362,374
632,1,338,285
632,2,429,296
632,3,376,342
632,4,362,374
633,1,338,285
633,2,429,296
633,3,376,342
633,4,361,374
634,1,338,285
634,2,427,296
634,3,376,342
634,4,362,373
635,1,338,285
635,2,427,296
635,3,376,343
635,4,362,374
636,1,338,285
636,2,427,296
636,3,376,343
636,4,361,373
637,1,338,285
637,2,427,296
637,3,376,343
637,4,361,374
638,1,338,285
638,2,427,296
638,3,376,343
638,4,360,373
639,1,338,285
639,2,427,296
639,3,376,343
639,4,360,374
640,1,338,285
640,2,427,296
640,3,376,343
640,4,360,373
641,1,338,285
641,2,427,296
641,3,376,343
641,4,360,374
642,1,338,285
642,2,427,296
642,3,376,343
642,4,359,373
643,1,338,285
643,2,427,296
643,3,376,343
643,4,360,374
644,1,338,285
644,2,427,295
644,3,376,343
644,4,361,374
645,1,338,285
645,2,427,295
645,3,376,343
645,4,362,374
646,1,338,285
646,2,427,295
646,3,376,343
646,4,362,376
647,1,338,285
647,2,427,295
647,3,377,343
647,4,361,374
648,1,338,285
648,2,426,295
648,3,376,343
648,4,361,374
649,1,338,285
649,2,426,295
649,3,376,343
649,4,361,374
650,1,338,285
650,2,426,295
650,3,376,343
650,4,361,374
651,1,338,285
651,2,426,295
651,3,376,343
651,4,362,374
652,1,338,285
652,2,426,295
652,3,376,343
652,4,362,374
653,1,338,285
653,2,426,295
653,3,376,344
653,4,362,374
654,1,338,285
654,2,426,295
654,3,376,344
654,4,361,374
655,1,338,285
655,2,425,295
655,3,376,344
655,4,361,374
656,1,338,285
656,2,425,295
656,3,376,344
656,4,361,374
657,1,338,285
657,2,425,295
657,3,376,344
657,4,362,374
658,1,338,285
658,2,425,295
658,3,376,344
658,4,362,374
659,1,338,285
659,2,425,295
659,3,376,344
659,4,361,374
660,1,338,285
660,2,425,295
660,3,376,344
660,4,361,374
661,1,338,285
661,2,425,295
661,3,376,344
661,4,361,376
662,1,338,285
662,2,425,295
662,3,376,344
662,4,363,374
663,1,338,285
663,2,425,295
663,3,376,344
663,4,363,374
664,1,338,285
664,2,426,295
664,3,376,344
664,4,363,374
665,1,338,285
665,2,426,295
665,3,376,344
665,4,363,376
666,1,338,285
666,2,426,295
666,3,377,344
666,4,364,374
667,1,338,285
667,2,426,295
667,3,377,344
667,4,363,374
668,1,338,285
668,2,426,295
668,3,377,344
668,4,363,374
669,1,338,285
669,2,426,295
669,3,376,344
669,4,363,374
670,1,338,285
670,2,426,295
670,3,376,344
670,4,363,374
671,1,338,285
671,2,426,295
671,3,376,344
671,4,363,374
672,1,338,285
672,2,425,295
672,3,376,344
672,4,363,376
673,1,338,285
673,2,425,295
673,3,376,344
673,4,362,374
674,1,338,285
674,2,425,295
674,3,376,344
674,4,361,376
675,1,339,285
675,2,425,295
675,3,376,344
675,4,360,376
676,1,340,285
676,2,424,295
676,3,376,344
676,4,360,376
677,1,339,285
677,2,426,300
677,3,376,344
677,4,360,376
678,1,338,285
678,2,425,299
678,3,376,344
678,4,361,372
679,1,338,285
679,2,425,299
679,3,376,344
679,4,361,372
680,1,338,285
680,2,425,299
680,3,376,344
680,4,362,375
681,1,338,285
681,2,425,299
681,3,376,344
681,4,362,375
682,1,337,285
682,2,425,299
682,3,376,344
682,4,362,375
683,1,337,285
683,2,425,299
683,3,376,344
683,4,362,375
684,1,337,285
684,2,427,294
684,3,376,344
684,4,361,378
685,1,337,285
685,2,427,294
685,3,376,344
685,4,362,376
686,1,337,285
686,2,427,294
686,3,376,344
686,4,361,376
687,1,337,285
687,2,427,294
687,3,376,344
687,4,362,376
688,1,337,285
688,2,427,294
688,3,376,344
688,4,362,376
689,1,337,285
689,2,427,294
689,3,376,344
689,4,362,376
690,1,337,285
690,2,427,294
690,3,376,344
690,4,362,374
691,1,337,285
691,2,427,294
691,3,376,344
691,4,360,374
692,1,337,285
692,2,427,294
692,3,376,344
692,4,361,376
693,1,337,285
693,2,430,296
693,3,376,344
693,4,362,376
694,1,337,285
694,2,426,294
694,3,376,344
694,4,359,376
695,1,337,285
695,2,430,296
695,3,377,344
695,4,363,374
696,1,337,285
696,2,430,296
696,3,377,344
696,4,362,375
697,1,337,285
697,2,430,296
697,3,377,344
697,4,362,376
698,1,337,285
698,2,427,292
698,3,377,344
698,4,360,376
699,1,337,285
699,2,427,292
699,3,377,344
699,4,360,376
700,1,337,285
700,2,430,298
700,3,377,344
700,4,360,376
701,1,337,285
701,2,429,298
701,3,376,344
701,4,360,376
702,1,337,285
702,2,429,298
702,3,376,344
702,4,360,376
703,1,337,285
703,2,429,298
703,3,376,344
703,4,360,376
704,1,337,285
704,2,429,297
704,3,376,344
704,4,360,376
705,1,335,285
705,2,428,296
705,3,376,344
705,4,361,373
706,1,335,285
706,2,428,296
706,3,376,344
706,4,361,374
707,1,335,285
707,2,428,296
707,3,377,344
707,4,362,376
708,1,335,285
708,2,428,296
708,3,377,344
708,4,361,373
709,1,335,285
709,2,428,296
709,3,377,344
709,4,361,374
710,1,336,285
710,2,428,296
710,3,377,344
710,4,361,373
711,1,337,285
711,2,430,299
711,3,377,344
711,4,362,376
712,1,337,285
712,2,429,298
712,3,377,344
712,4,361,376
713,1,337,285
713,2,428,298
713,3,377,345
713,4,361,376
714,1,337,285
714,2,428,298
714,3,377,344
714,4,363,376
715,1,337,285
715,2,428,298
715,3,377,345
715,4,363,376
716,1,337,285
716,2,428,298
716,3,376,345
716,4,363,376
717,1,337,285
717,2,428,298
717,3,376,345
717,4,362,376
718,1,337,285
718,2,428,298
718,3,376,345
718,4,362,376
719,1,337,285
719,2,428,298
719,3,376,345
719,4,362,376
720,1,337,285
720,2,428,298
720,3,376,345
720,4,362,376
721,1,337,285
721,2,428,298
721,3,376,345
721,4,362,376
722,1,337,285
722,2,430,298
722,3,376,345
722,4,362,376
723,1,336,285
723,2,431,297
723,3,377,345
723,4,362,376
724,1,336,285
724,2,431,297
724,3,377,345
724,4,363,376
725,1,336,285
725,2,429,297
725,3,377,345
725,4,362,375
726,1,336,285
726,2,429,297
726,3,376,345
726,4,361,376
727,1,336,285
727,2,429,297
727,3,376,345
727,4,362,376
728,1,336,285
728,2,429,297
728,3,376,345
728,4,361,375
729,1,336,285
729,2,429,297
729,3,376,345
729,4,362,377
730,1,336,285
730,2,429,297
730,3,376,345
730,4,361,376
731,1,336,285
731,2,429,297
731,3,376,345
731,4,360,375
732,1,336,285
732,2,429,297
732,3,376,345
732,4,361,376
733,1,336,285
733,2,429,297
733,3,376,345
733,4,361,376
734,1,336,285
734,2,429,295
734,3,376,345
734,4,361,376
735,1,336,285
735,2,429,295
735,3,377,345
735,4,361,376
736,1,336,285
736,2,429,295
736,3,377,345
736,4,361,376
737,1,336,285
737,2,429,295
737,3,377,345
737,4,362,376
738,1,336,285
738,2,429,295
738,3,377,345
738,4,361,376
739,1,336,285
739,2,429,296
739,3,377,346
739,4,362,375
740,1,336,285
740,2,429,297
740,3,376,345
740,4,361,376
741,1,336,285
741,2,428,296
741,3,377,346
741,4,363,376
742,1,335,285
742,2,426,295
742,3,376,345
742,4,362,376
743,1,335,285
743,2,426,295
743,3,376,345
743,4,363,376
744,1,335,285
744,2,426,295
744,3,376,345
744,4,363,376
745,1,335,285
745,2,426,295
745,3,376,345
745,4,363,376
746,1,335,285
746,2,431,299
746,3,376,345
746,4,363,375
747,1,335,285
747,2,431,299
747,3,376,345
747,4,361,377
748,1,335,285
748,2,431,299
748,3,376,345
748,4,361,377
749,1,335,285
749,2,431,299
749,3,376,345
749,4,361,377
750,1,335,285
750,2,431,299
750,3,376,345
750,4,361,377
751,1,335,285
751,2,435,299
751,3,376,345
751,4,362,377
752,1,335,285
752,2,435,299
752,3,376,345
752,4,359,377
753,1,335,285
753,2,435,299
753,3,376,345
753,4,361,377
754,1,335,285
754,2,436,299
754,3,377,345
754,4,361,377
755,1,335,285
755,2,437,299
755,3,377,345
755,4,361,377
756,1,335,285
756,2,437,299
756,3,377,345
756,4,360,377
757,1,335,285
757,2,437,299
757,3,377,345
757,4,360,377
758,1,335,285
758,2,436,299
758,3,377,346
758,4,359,377
759,1,335,285
759,2,436,300
759,3,377,346
759,4,359,377
760,1,335,285
760,2,435,301
760,3,376,345
760,4,360,376
761,1,335,285
761,2,434,300
761,3,376,345
761,4,360,376
762,1,335,285
762,2,432,299
762,3,376,346
762,4,360,376
763,1,335,285
763,2,431,299
763,3,377,346
763,4,360,376
764,1,335,285
764,2,431,299
764,3,377,346
764,4,360,376
765,1,335,285
765,2,431,299
765,3,377,346
765,4,360,376
766,1,335,285
766,2,427,296
766,3,377,345
766,4,360,376
767,1,335,285
767,2,427,296
767,3,376,346
767,4,360,376
768,1,335,285
768,2,427,296
768,3,377,346
768,4,360,376
769,1,337,284
769,2,429,295
769,3,379,345
769,4,363,375
770,1,340,284
770,2,432,295
770,3,382,345
770,4,366,377
771,1,345,284
771,2,438,296
771,3,386,345
771,4,370,377
772,1,348,282
772,2,438,300
772,3,388,344
772,4,371,375
773,1,348,282
773,2,437,300
773,3,388,344
773,4,371,375
774,1,346,282
774,2,435,300
774,3,386,344
774,4,369,375
775,1,345,282
775,2,434,300
775,3,385,344
775,4,369,375
776,1,345,282
776,2,434,300
776,3,385,344
776,4,364,373
777,1,345,282
777,2,437,294
777,3,385,344
777,4,367,376
778,1,345,282
778,2,437,294
778,3,385,345
778,4,369,375
779,1,345,282
779,2,437,294
779,3,385,344
779,4,370,376
780,1,344,282
780,2,436,294
780,3,384,345
780,4,369,376
781,1,344,282
781,2,435,294
781,3,383,345
781,4,369,376
782,1,344,282
782,2,433,294
782,3,383,345
782,4,369,376
783,1,344,282
783,2,433,294
783,3,383,345
783,4,369,376
784,1,343,282
784,2,432,294
784,3,382,345
784,4,368,377
785,1,343,282
785,2,431,294
785,3,381,345
785,4,368,377
786,1,343,282
786,2,431,294
786,3,381,345
786,4,368,377
787,1,343,283
787,2,429,296
787,3,380,346
787,4,366,377
788,1,341,286
788,2,431,300
788,3,379,349
788,4,364,382
789,1,341,286
789,2,431,300
789,3,380,376
789,4,364,382
790,1,341,286
790,2,431,300
790,3,380,376
790,4,364,382
791,1,341,286
791,2,431,300
791,3,380,376
791,4,364,382
792,1,341,286
792,2,431,300
792,3,380,376
792,4,364,382
793,1,341,286
793,2,431,300
793,3,380,376
793,4,364,382
794,1,341,286
794,2,431,300
794,3,380,376
794,4,364,382
795,1,341,286
795,2,431,300
795,3,380,376
795,4,364,382
796,1,341,286
796,2,431,300
796,3,380,376
796,4,364,382
797,1,341,286
797,2,431,300
797,3,380,376
797,4,364,382
798,1,341,286
798,2,431,300
798,3,380,376
798,4,364,382
799,1,341,286
799,2,431,300
799,3,380,376
799,4,364,382
800,1,341,286
800,2,431,300
800,3,380,376
800,4,364,382
801,1,341,286
801,2,431,300
801,3,380,376
801,4,364,382
802,1,341,286
802,2,431,300
802,3,380,376
802,4,364,382
803,1,341,286
803,2,431,300
803,3,380,376
803,4,364,382
804,1,340,318
804,2,428,319
804,3,382,369
804,4,364,404
805,1,342,294
805,2,414,288
805,3,375,333
805,4,359,374
806,1,342,292
806,2,416,287
806,3,376,332
806,4,359,375
807,1,342,289
807,2,417,285
807,3,377,330
807,4,360,376
808,1,343,287
808,2,418,284
808,3,378,329
808,4,358,373
809,1,345,286
809,2,420,284
809,3,380,329
809,4,359,373
810,1,346,284
810,2,422,282
810,3,381,325
810,4,362,366
811,1,345,284
811,2,421,281
811,3,380,324
811,4,361,365
812,1,342,285
812,2,418,283
812,3,376,324
812,4,359,365
813,1,342,285
813,2,418,283
813,3,376,325
813,4,358,365
814,1,342,285
814,2,418,283
814,3,376,325
814,4,356,367
815,1,342,286
815,2,418,284
815,3,376,326
815,4,357,367
816,1,342,286
816,2,418,284
816,3,376,326
816,4,358,367
817,1,342,286
817,2,419,285
817,3,376,327
817,4,358,369
818,1,342,287
818,2,419,287
818,3,376,328
818,4,357,369
819,1,342,287
819,2,419,289
819,3,376,328
819,4,359,371
820,1,342,287
820,2,419,289
820,3,377,335
820,4,359,368
821,1,342,287
821,2,419,289
821,3,378,336
821,4,360,369
822,1,342,288
822,2,418,290
822,3,378,337
822,4,360,370
823,1,342,287
823,2,418,291
823,3,378,337
823,4,358,368
824,1,342,287
824,2,418,291
824,3,378,336
824,4,357,368
825,1,343,287
825,2,418,290
825,3,378,335
825,4,358,366
826,1,344,288
826,2,418,291
826,3,379,336
826,4,360,368
827,1,344,289
827,2,419,291
827,3,380,338
827,4,360,371
828,1,344,290
828,2,421,292
828,3,380,338
828,4,361,372
829,1,344,290
829,2,421,292
829,3,379,338
829,4,362,371
830,1,343,290
830,2,420,291
830,3,380,338
830,4,359,372
831,1,343,290
831,2,420,291
831,3,380,338
831,4,361,371
832,1,342,290
832,2,417,291
832,3,379,338
832,4,359,372
833,1,342,290
833,2,420,290
833,3,378,339
833,4,360,371
834,1,342,290
834,2,420,290
834,3,378,339
834,4,360,373
835,1,342,290
835,2,420,294
835,3,377,341
835,4,359,372
836,1,341,295
836,2,420,294
836,3,377,338
836,4,359,371
837,1,341,295
837,2,420,294
837,3,377,338
837,4,362,373
838,1,341,295
838,2,416,293
838,3,377,338
838,4,360,373
839,1,341,295
839,2,416,293
839,3,377,338
839,4,358,373
840,1,341,295
840,2,416,293
840,3,377,340
840,4,359,373
841,1,344,294
841,2,421,293
841,3,377,340
841,4,362,372
842,1,344,294
842,2,421,293
842,3,378,340
842,4,360,372
843,1,344,294
843,2,419,293
843,3,378,340
843,4,360,372
844,1,343,294
844,2,418,293
844,3,377,340
844,4,360,372
845,1,343,294
845,2,418,293
845,3,378,341
845,4,359,372
846,1,343,294
846,2,418,293
846,3,379,341
846,4,361,372
847,1,343,294
847,2,418,293
847,3,379,341
847,4,360,374
848,1,343,294
848,2,418,293
848,3,380,341
848,4,360,372
849,1,343,294
849,2,418,292
849,3,380,341
849,4,359,372
850,1,343,294
850,2,418,292
850,3,380,341
850,4,361,372
851,1,343,294
851,2,419,294
851,3,378,341
851,4,359,374
852,1,342,294
852,2,418,295
852,3,377,341
852,4,360,372
853,1,342,294
853,2,418,295
853,3,377,341
853,4,360,371
854,1,342,294
854,2,416,295
854,3,377,341
854,4,359,372
855,1,342,294
855,2,416,295
855,3,377,341
855,4,361,374
856,1,342,294
856,2,416,295
856,3,377,340
856,4,360,374
857,1,345,293
857,2,418,293
857,3,377,341
857,4,359,373
858,1,343,295
858,2,417,294
858,3,377,341
858,4,361,375
859,1,343,295
859,2,419,294
859,3,378,341
859,4,361,373
860,1,343,295
860,2,419,294
860,3,377,341
860,4,362,375
861,1,342,295
861,2,418,296
861,3,376,343
861,4,360,375
862,1,340,296
862,2,416,296
862,3,378,344
862,4,359,374
863,1,340,296
863,2,416,296
863,3,378,344
863,4,360,374
864,1,340,296
864,2,416,296
864,3,378,344
864,4,359,374
865,1,340,296
865,2,416,296
865,3,377,342
865,4,360,374
866,1,340,296
866,2,416,296
866,3,378,340
866,4,359,374
867,1,340,296
867,2,416,296
867,3,378,340
867,4,360,374
868,1,340,296
868,2,415,293
868,3,378,340
868,4,359,375
869,1,340,296
869,2,418,296
869,3,378,340
869,4,360,375
870,1,340,296
870,2,418,296
870,3,378,340
870,4,360,375
871,1,340,296
871,2,418,296
871,3,378,340
871,4,359,375
872,1,340,296
872,2,418,296
872,3,378,340
872,4,360,375
873,1,343,295
873,2,418,294
873,3,378,340
873,4,359,375
874,1,343,295
874,2,417,295
874,3,379,340
874,4,359,375
875,1,343,295
875,2,417,291
875,3,379,340
875,4,361,376
876,1,343,295
876,2,417,294
876,3,379,340
876,4,360,372
877,1,343,295
877,2,417,294
877,3,379,340
877,4,359,374
878,1,343,295
878,2,417,294
878,3,378,340
878,4,361,374
879,1,343,295
879,2,417,294
879,3,378,340
879,4,361,374
880,1,341,295
880,2,415,294
880,3,378,340
880,4,360,374
881,1,341,295
881,2,415,294
881,3,378,340
881,4,359,374
882,1,341,295
882,2,415,294
882,3,378,340
882,4,360,374
883,1,346,296
883,2,415,295
883,3,378,340
883,4,360,374
884,1,341,296
884,2,416,295
884,3,378,340
884,4,360,374
885,1,340,296
885,2,414,294
885,3,378,340
885,4,360,374
886,1,340,296
886,2,415,293
886,3,378,340
886,4,359,375
887,1,340,296
887,2,415,293
887,3,378,340
887,4,360,376
888,1,340,296
888,2,418,296
888,3,378,340
888,4,358,374
889,1,340,296
889,2,418,296
889,3,378,340
889,4,359,374
890,1,340,296
890,2,420,296
890,3,379,341
890,4,361,374
891,1,340,296
891,2,418,296
891,3,379,341
891,4,358,374
892,1,343,295
892,2,420,296
892,3,379,341
892,4,359,373
893,1,343,295
893,2,417,296
893,3,379,341
893,4,359,374
894,1,343,295
894,2,418,296
894,3,377,342
894,4,360,373
895,1,344,295
895,2,417,293
895,3,379,339
895,4,360,374
896,1,338,294
896,2,420,293
896,3,380,339
896,4,361,374
897,1,338,294
897,2,420,293
897,3,380,339
897,4,359,374
898,1,338,294
898,2,419,296
898,3,380,339
898,4,358,373
899,1,338,294
899,2,419,295
899,3,379,339
899,4,357,373
900,1,337,294
900,2,419,296
900,3,380,340
900,4,357,374
901,1,337,294
901,2,417,296
901,3,378,339
901,4,356,371
902,1,337,294
902,2,417,296
902,3,378,339
902,4,355,372
903,1,336,294
903,2,416,295
903,3,378,339
903,4,356,372
904,1,336,294
904,2,416,295
904,3,378,339
904,4,354,371
905,1,336,294
905,2,416,295
905,3,378,339
905,4,354,372
906,1,336,294
906,2,416,295
906,3,378,339
906,4,356,372
907,1,337,294
907,2,418,292
907,3,378,339
907,4,356,372
908,1,337,294
908,2,419,294
908,3,378,339
908,4,357,373
909,1,337,294
909,2,420,295
909,3,377,341
909,4,357,373
910,1,338,294
910,2,420,295
910,3,377,342
910,4,357,372
911,1,338,294
911,2,418,296
911,3,378,342
911,4,357,371
912,1,338,294
912,2,420,295
912,3,377,342
912,4,358,373
913,1,338,294
913,2,420,295
913,3,379,342
913,4,356,372
914,1,338,294
914,2,420,295
914,3,379,342
914,4,357,373
915,1,338,294
915,2,419,295
915,3,379,342
915,4,357,372
916,1,338,294
916,2,420,296
916,3,379,342
916,4,357,373
917,1,337,294
917,2,419,293
917,3,379,342
917,4,356,372
918,1,337,294
918,2,420,295
918,3,379,342
918,4,358,372
919,1,337,294
919,2,417,296
919,3,379,342
919,4,356,371
920,1,337,294
920,2,417,296
920,3,379,342
920,4,356,373
921,1,337,294
921,2,418,295
921,3,379,342
921,4,357,373
922,1,337,294
922,2,419,296
922,3,379,342
922,4,357,373
923,1,337,294
923,2,420,295
923,3,379,342
923,4,356,372
924,1,337,294
924,2,420,295
924,3,378,342
924,4,356,373
925,1,337,294
925,2,420,295
925,3,379,342
925,4,356,374
926,1,338,294
926,2,418,296
926,3,377,341
926,4,356,373
927,1,338,294
927,2,420,295
927,3,377,341
927,4,357,373
928,1,338,294
928,2,421,295
928,3,379,345
928,4,357,372
929,1,338,294
929,2,419,295
929,3,379,343
929,4,357,373
930,1,338,294
930,2,419,295
930,3,379,343
930,4,359,375
931,1,338,294
931,2,419,295
931,3,379,343
931,4,358,373
932,1,337,294
932,2,418,295
932,3,379,343
932,4,357,373
933,1,337,294
933,2,419,296
933,3,379,343
933,4,358,374
934,1,337,294
934,2,415,296
934,3,379,343
934,4,357,371
935,1,337,294
935,2,416,296
935,3,379,343
935,4,359,373
936,1,337,294
936,2,416,296
936,3,379,343
936,4,360,375
937,1,337,294
937,2,416,297
937,3,379,343
937,4,359,374
938,1,337,294
938,2,416,297
938,3,376,341
938,4,359,373
939,1,337,294
939,2,416,297
939,3,375,342
939,4,360,374
940,1,337,294
940,2,417,294
940,3,375,342
940,4,358,374
941,1,337,294
941,2,419,295
941,3,375,342
941,4,356,374
942,1,337,294
942,2,419,296
942,3,377,341
942,4,355,372
943,1,337,294
943,2,419,296
943,3,377,341
943,4,355,373
944,1,337,295
944,2,419,297
944,3,376,342
944,4,356,374
945,1,337,295
945,2,419,297
945,3,376,342
945,4,355,373
946,1,337,295
946,2,421,296
946,3,375,343
946,4,356,374
947,1,337,295
947,2,419,297
947,3,379,343
947,4,357,372
948,1,342,294
948,2,419,297
948,3,379,343
948,4,356,372
949,1,342,294
949,2,419,297
949,3,378,342
949,4,358,372
950,1,342,294
950,2,419,297
950,3,378,342
950,4,359,374
951,1,343,294
951,2,416,297
951,3,378,342
951,4,357,374
952,1,342,295
952,2,417,295
952,3,378,342
952,4,359,375
953,1,341,295
953,2,417,297
953,3,377,344
953,4,359,377
954,1,340,295
954,2,418,296
954,3,377,344
954,4,358,376
955,1,340,295
955,2,418,296
955,3,377,341
955,4,357,373
956,1,340,295
956,2,418,296
956,3,377,341
956,4,358,374
957,1,340,295
957,2,418,295
957,3,375,344
957,4,358,375
958,1,340,295
958,2,418,295
958,3,378,344
958,4,358,377
959,1,340,295
959,2,418,295
959,3,378,344
959,4,359,377
960,1,340,295
960,2,418,295
960,3,378,344
960,4,359,377
961,1,340,295
961,2,418,295
961,3,378,344
961,4,360,375
962,1,342,294
962,2,420,295
962,3,378,344
962,4,360,377
963,1,342,294
963,2,419,296
963,3,376,341
963,4,359,376
964,1,342,294
964,2,416,295
964,3,376,341
964,4,358,375
965,1,339,296
965,2,417,295
965,3,376,342
965,4,358,374
966,1,340,296
966,2,415,296
966,3,377,342
966,4,359,376
967,1,336,295
967,2,417,294
967,3,377,342
967,4,359,376
968,1,335,294
968,2,418,296
968,3,376,341
968,4,358,373
969,1,335,294
969,2,418,296
969,3,375,342
969,4,357,373
970,1,335,294
970,2,418,296
970,3,375,342
970,4,356,373
971,1,335,294
971,2,418,296
971,3,375,342
971,4,355,373
972,1,339,295
972,2,418,296
972,3,376,340
972,4,356,373
973,1,339,295
973,2,418,296
973,3,376,341
973,4,359,373
974,1,339,295
974,2,418,296
974,3,376,342
974,4,359,374
975,1,339,295
975,2,418,296
975,3,376,342
975,4,359,373
976,1,339,295
976,2,418,296
976,3,376,342
976,4,359,374
977,1,339,295
977,2,417,295
977,3,376,342
977,4,358,373
978,1,341,295
978,2,417,297
978,3,379,344
978,4,358,375
979,1,342,294
979,2,420,296
979,3,379,344
979,4,357,374
980,1,342,294
980,2,420,296
980,3,380,344
980,4,358,373