0,1,354,335
0,2,427,335
0,3,392,375
0,4,373,407
1,1,353,335
1,2,428,334
1,3,392,379
1,4,375,407
2,1,354,334
2,2,429,335
2,3,393,379
2,4,375,407
3,1,354,334
3,2,429,335
3,3,393,379
3,4,375,407
4,1,354,334
4,2,429,335
4,3,393,379
4,4,375,407
5,1,354,334
5,2,429,335
5,3,393,379
5,4,375,407
6,1,321,360
6,2,430,334
6,3,395,381
6,4,375,407
7,1,321,360
7,2,430,334
7,3,395,381
7,4,375,407
8,1,321,360
8,2,430,334
8,3,395,381
8,4,375,407
9,1,321,360
9,2,430,334
9,3,395,381
9,4,375,407
10,1,321,360
10,2,430,334
10,3,395,381
10,4,375,407
11,1,321,360
11,2,430,334
11,3,395,381
11,4,375,407
12,1,321,360
12,2,430,334
12,3,395,381
12,4,375,407
13,1,321,360
13,2,430,334
13,3,395,381
13,4,375,407
14,1,321,360
14,2,430,334
14,3,395,381
14,4,375,407
15,1,369,329
15,2,442,328
15,3,407,367
15,4,387,401
16,1,370,329
16,2,443,328
16,3,409,370
16,4,390,400
17,1,371,328
17,2,444,327
17,3,408,369
17,4,389,399
18,1,371,328
18,2,446,330
18,3,407,368
18,4,390,400
19,1,370,328
19,2,443,328
19,3,406,368
19,4,389,398
20,1,367,328
20,2,443,328
20,3,405,370
20,4,387,398
21,1,367,328
21,2,442,327
21,3,405,370
21,4,387,398
22,1,368,328
22,2,440,326
22,3,406,370
22,4,388,398
23,1,368,328
23,2,442,327
23,3,406,370
23,4,388,398
24,1,368,328
24,2,442,327
24,3,406,370
24,4,387,399
25,1,368,328
25,2,442,327
25,3,406,370
25,4,388,398
26,1,368,328
26,2,442,327
26,3,406,370
26,4,388,398
27,1,368,328
27,2,442,327
27,3,406,370
27,4,388,398
28,1,368,328
28,2,442,327
28,3,406,370
28,4,387,398
29,1,368,328
29,2,442,329
29,3,405,370
29,4,387,398
30,1,368,328
30,2,442,329
30,3,405,370
30,4,387,398
31,1,368,328
31,2,440,325
31,3,405,370
31,4,387,398
32,1,368,328
32,2,442,329
32,3,407,366
32,4,387,398
33,1,368,328
33,2,442,329
33,3,407,366
33,4,387,398
34,1,368,328
34,2,442,329
34,3,407,366
34,4,385,397
35,1,368,328
35,2,442,327
35,3,407,366
35,4,385,397
36,1,368,328
36,2,442,327
36,3,407,366
36,4,388,398
37,1,368,328
37,2,440,329
37,3,407,366
37,4,386,398
38,1,368,328
38,2,441,329
38,3,406,368
38,4,386,398
39,1,369,329
39,2,441,326
39,3,405,370
39,4,386,399
40,1,369,329
40,2,441,328
40,3,407,368
40,4,389,401
41,1,369,329
41,2,440,329
41,3,407,368
41,4,390,400
42,1,369,330
42,2,440,330
42,3,407,369
42,4,389,400
43,1,369,330
43,2,440,330
43,3,407,369
43,4,389,400
44,1,370,330
44,2,439,330
44,3,407,368
44,4,389,400
45,1,366,328
45,2,439,329
45,3,407,369
45,4,390,399
46,1,363,327
46,2,441,328
46,3,406,370
46,4,386,401
47,1,363,327
47,2,441,327
47,3,406,370
47,4,384,401
48,1,363,327
48,2,441,327
48,3,406,370
48,4,386,401
49,1,363,327
49,2,441,327
49,3,406,370
49,4,384,401
50,1,363,327
50,2,439,329
50,3,406,370
50,4,386,401
51,1,363,327
51,2,440,328
51,3,405,370
51,4,383,401
52,1,363,327
52,2,442,326
52,3,406,370
52,4,385,401
53,1,363,327
53,2,442,326
53,3,406,370
53,4,386,400
54,1,363,327
54,2,441,329
54,3,405,371
54,4,385,399
55,1,363,327
55,2,441,329
55,3,405,371
55,4,385,399
56,1,363,327
56,2,441,329
56,3,405,371
56,4,385,399
57,1,363,327
57,2,440,328
57,3,405,371
57,4,386,401
58,1,362,327
58,2,439,328
58,3,403,373
58,4,384,401
59,1,362,327
59,2,439,328
59,3,403,373
59,4,384,401
60,1,362,327
60,2,439,328
60,3,403,373
60,4,384,401
61,1,363,328
61,2,438,332
61,3,403,374
61,4,384,401
62,1,362,328
62,2,439,329
62,3,403,374
62,4,384,402
63,1,362,328
63,2,439,329
63,3,403,374
63,4,382,400
64,1,362,328
64,2,439,329
64,3,405,374
64,4,384,402
65,1,362,328
65,2,436,329
65,3,405,374
65,4,384,402
66,1,364,329
66,2,435,330
66,3,403,374
66,4,382,402
67,1,359,329
67,2,432,331
67,3,398,370
67,4,380,401
68,1,357,329
68,2,430,331
68,3,396,370
68,4,377,405
69,1,355,330
69,2,431,330
69,3,394,374
69,4,376,405
70,1,355,331
70,2,432,333
70,3,394,375
70,4,374,405
71,1,355,332
71,2,431,334
71,3,393,376
71,4,374,407
72,1,354,334
72,2,429,336
72,3,393,378
72,4,375,409
73,1,355,336
73,2,429,339
73,3,394,380
73,4,376,410
74,1,355,336
74,2,428,339
74,3,393,381
74,4,376,410
75,1,355,337
75,2,427,338
75,3,394,383
75,4,374,410
76,1,355,337
76,2,429,339
76,3,395,384
76,4,374,411
77,1,355,338
77,2,429,340
77,3,394,384
77,4,374,411
78,1,355,337
78,2,427,335
78,3,395,383
78,4,375,414
79,1,355,336
79,2,431,336
79,3,392,384
79,4,375,413
80,1,355,335
80,2,430,339
80,3,392,383
80,4,377,409
81,1,355,335
81,2,429,337
81,3,392,383
81,4,377,409
82,1,355,335
82,2,428,338
82,3,392,383
82,4,377,408
83,1,355,335
83,2,427,337
83,3,392,383
83,4,377,408
84,1,355,335
84,2,430,337
84,3,392,383
84,4,378,408
85,1,355,334
85,2,433,334
85,3,392,383
85,4,375,408
86,1,355,334
86,2,433,334
86,3,392,383
86,4,377,408
87,1,355,334
87,2,433,334
87,3,392,383
87,4,377,408
88,1,355,334
88,2,434,334
88,3,392,383
88,4,377,408
89,1,355,334
89,2,433,335
89,3,392,383
89,4,377,408
90,1,355,334
90,2,433,335
90,3,392,383
90,4,377,408
91,1,355,334
91,2,433,335
91,3,392,383
91,4,375,408
92,1,355,334
92,2,433,335
92,3,392,383
92,4,375,408
93,1,355,334
93,2,432,336
93,3,392,383
93,4,377,408
94,1,355,334
94,2,432,336
94,3,392,383
94,4,377,408
95,1,355,334
95,2,432,336
95,3,392,383
95,4,377,408
96,1,355,334
96,2,432,336
96,3,392,383
96,4,377,408
97,1,355,334
97,2,432,336
97,3,392,383
97,4,376,408
98,1,355,334
98,2,431,335
98,3,392,383
98,4,375,408
99,1,355,334
99,2,433,337
99,3,392,383
99,4,377,407
100,1,355,334
100,2,430,336
100,3,392,383
100,4,377,407
101,1,355,334
101,2,433,335
101,3,392,383
101,4,377,409
102,1,355,334
102,2,433,335
102,3,392,383
102,4,375,409
103,1,355,334
103,2,433,335
103,3,392,383
103,4,377,409
104,1,355,334
104,2,432,336
104,3,392,383
104,4,377,409
105,1,355,334
105,2,434,334
105,3,392,383
105,4,377,409
106,1,355,334
106,2,433,335
106,3,392,383
106,4,377,409
107,1,355,334
107,2,432,336
107,3,392,383
107,4,377,409
108,1,355,334
108,2,432,336
108,3,392,383
108,4,376,409
109,1,355,334
109,2,432,334
109,3,392,383
109,4,376,409
110,1,355,334
110,2,430,336
110,3,392,383
110,4,376,409
111,1,355,334
111,2,430,337
111,3,392,383
111,4,375,406
112,1,355,334
112,2,430,337
112,3,392,383
112,4,375,406
113,1,355,334
113,2,430,337
113,3,392,383
113,4,375,406
114,1,355,334
114,2,430,337
114,3,392,383
114,4,375,406
115,1,355,334
115,2,430,337
115,3,392,383
115,4,375,406
116,1,355,334
116,2,430,337
116,3,392,383
116,4,377,407
117,1,355,334
117,2,430,337
117,3,392,383
117,4,377,407
118,1,355,334
118,2,430,337
118,3,392,383
118,4,377,407
119,1,355,334
119,2,430,337
119,3,392,383
119,4,377,407
120,1,355,334
120,2,430,337
120,3,392,383
120,4,377,407
121,1,354,334
121,2,428,336
121,3,392,383
121,4,377,407
122,1,353,334
122,2,429,336
122,3,392,383
122,4,377,407
123,1,353,334
123,2,429,336
123,3,392,383
123,4,377,407
124,1,353,334
124,2,429,336
124,3,392,383
124,4,376,409
125,1,353,334
125,2,429,336
125,3,392,383
125,4,375,409
126,1,353,334
126,2,429,336
126,3,392,383
126,4,376,409
127,1,353,334
127,2,429,336
127,3,392,383
127,4,376,409
128,1,353,334
128,2,432,335
128,3,392,383
128,4,376,409
129,1,353,334
129,2,432,335
129,3,392,383
129,4,376,409
130,1,353,334
130,2,432,336
130,3,392,383
130,4,376,409
131,1,353,334
131,2,430,336
131,3,392,383
131,4,375,407
132,1,353,334
132,2,431,336
132,3,392,383
132,4,376,407
133,1,353,334
133,2,431,334
133,3,392,383
133,4,376,407
134,1,353,334
134,2,431,334
134,3,392,383
134,4,376,407
135,1,353,334
135,2,431,334
135,3,392,383
135,4,376,407
136,1,353,334
136,2,431,334
136,3,392,383
136,4,376,407
137,1,353,334
137,2,431,334
137,3,392,383
137,4,376,407
138,1,353,334
138,2,431,334
138,3,398,378
138,4,376,407
139,1,353,334
139,2,431,334
139,3,395,380
139,4,376,407
140,1,353,334
140,2,431,336
140,3,395,380
140,4,376,407
141,1,353,334
141,2,431,336
141,3,395,380
141,4,376,407
142,1,354,334
142,2,431,337
142,3,395,380
142,4,376,407
143,1,354,334
143,2,430,337
143,3,395,380
143,4,376,407
144,1,354,334
144,2,431,335
144,3,395,380
144,4,376,407
145,1,354,334
145,2,431,335
145,3,395,380
145,4,376,407
146,1,354,334
146,2,431,335
146,3,395,380
146,4,376,407
147,1,354,334
147,2,431,335
147,3,395,380
147,4,376,407
148,1,354,334
148,2,431,335
148,3,395,380
148,4,376,407
149,1,354,334
149,2,431,335
149,3,395,380
149,4,377,407
150,1,354,334
150,2,431,335
150,3,395,380
150,4,377,407
151,1,354,334
151,2,432,335
151,3,395,380
151,4,377,407
152,1,354,334
152,2,432,335
152,3,395,380
152,4,377,407
153,1,354,334
153,2,432,335
153,3,395,380
153,4,377,407
154,1,354,334
154,2,432,335
154,3,395,380
154,4,377,407
155,1,354,334
155,2,431,336
155,3,395,380
155,4,377,407
156,1,354,334
156,2,431,336
156,3,395,380
156,4,377,407
157,1,354,334
157,2,431,336
157,3,395,380
157,4,376,409
158,1,354,334
158,2,431,336
158,3,395,380
158,4,375,409
159,1,354,334
159,2,431,336
159,3,395,380
159,4,376,409
160,1,354,334
160,2,431,336
160,3,395,380
160,4,375,409
161,1,354,334
161,2,431,336
161,3,395,380
161,4,375,409
162,1,354,334
162,2,431,336
162,3,395,380
162,4,376,407
163,1,354,334
163,2,431,336
163,3,395,380
163,4,376,407
164,1,353,334
164,2,431,330
164,3,395,380
164,4,376,407
165,1,353,334
165,2,435,335
165,3,395,380
165,4,376,408
166,1,353,334
166,2,432,337
166,3,395,380
166,4,376,408
167,1,353,334
167,2,431,334
167,3,396,380
167,4,376,408
168,1,353,334
168,2,431,336
168,3,395,380
168,4,376,406
169,1,353,334
169,2,435,334
169,3,395,380
169,4,375,406
170,1,353,334
170,2,435,334
170,3,395,380
170,4,375,406
171,1,352,334
171,2,434,333
171,3,395,380
171,4,375,406
172,1,352,334
172,2,434,333
172,3,395,380
172,4,372,408
173,1,352,334
173,2,434,333
173,3,395,380
173,4,372,408
174,1,352,334
174,2,433,333
174,3,395,380
174,4,372,406
175,1,352,334
175,2,432,334
175,3,395,380
175,4,372,406
176,1,352,334
176,2,431,335
176,3,395,380
176,4,372,408
177,1,352,334
177,2,431,336
177,3,394,380
177,4,372,408
178,1,352,334
178,2,431,336
178,3,391,380
178,4,376,404
179,1,352,334
179,2,432,335
179,3,391,380
179,4,376,406
180,1,352,334
180,2,432,335
180,3,391,380
180,4,376,406
181,1,352,334
181,2,432,335
181,3,391,380
181,4,374,406
182,1,352,334
182,2,431,335
182,3,395,380
182,4,374,406
183,1,354,335
183,2,434,332
183,3,395,380
183,4,374,407
184,1,354,335
184,2,437,333
184,3,395,380
184,4,374,407
185,1,354,335
185,2,437,333
185,3,395,380
185,4,374,407
186,1,354,335
186,2,437,333
186,3,395,380
186,4,371,405
187,1,354,335
187,2,437,333
187,3,395,380
187,4,371,405
188,1,354,335
188,2,437,333
188,3,395,380
188,4,374,407
189,1,354,335
189,2,437,333
189,3,395,380
189,4,374,407
190,1,354,335
190,2,437,333
190,3,395,380
190,4,373,407
191,1,354,335
191,2,437,333
191,3,395,380
191,4,373,407
192,1,354,335
192,2,437,333
192,3,395,380
192,4,374,407
193,1,354,335
193,2,437,333
193,3,395,380
193,4,374,407
194,1,354,335
194,2,437,333
194,3,395,380
194,4,374,407
195,1,354,335
195,2,431,332
195,3,395,380
195,4,372,407
196,1,354,335
196,2,431,332
196,3,395,380
196,4,372,407
197,1,354,335
197,2,431,332
197,3,395,380
197,4,375,409
198,1,354,335
198,2,431,332
198,3,395,380
198,4,375,409
199,1,354,335
199,2,431,332
199,3,395,380
199,4,375,409
200,1,354,335
200,2,431,332
200,3,395,380
200,4,376,407
201,1,354,335
201,2,431,332
201,3,395,380
201,4,375,408
202,1,354,335
202,2,431,332
202,3,395,380
202,4,375,408
203,1,354,335
203,2,431,332
203,3,395,380
203,4,374,409
204,1,354,335
204,2,431,332
204,3,395,380
204,4,374,409
205,1,354,335
205,2,431,332
205,3,395,380
205,4,374,409
206,1,354,335
206,2,431,332
206,3,395,380
206,4,374,409
207,1,354,335
207,2,431,332
207,3,395,380
207,4,374,409
208,1,354,335
208,2,431,332
208,3,395,380
208,4,374,409
209,1,354,335
209,2,431,332
209,3,395,380
209,4,374,409
210,1,354,335
210,2,431,332
210,3,395,380
210,4,374,409
211,1,354,335
211,2,431,332
211,3,395,380
211,4,374,409
212,1,354,335
212,2,432,332
212,3,395,380
212,4,374,409
213,1,354,335
213,2,432,332
213,3,395,380
213,4,374,409
214,1,353,335
214,2,432,335
214,3,395,380
214,4,374,409
215,1,353,335
215,2,433,336
215,3,395,380
215,4,374,409
216,1,353,335
216,2,433,336
216,3,395,380
216,4,373,407
217,1,353,335
217,2,431,334
217,3,395,380
217,4,373,407
218,1,353,335
218,2,431,334
218,3,395,380
218,4,373,407
219,1,353,335
219,2,431,334
219,3,395,380
219,4,373,407
220,1,353,335
220,2,429,335
220,3,395,380
220,4,373,407
221,1,353,335
221,2,429,335
221,3,394,380
221,4,373,407
222,1,353,335
222,2,429,335
222,3,394,380
222,4,375,405
223,1,353,335
223,2,429,335
223,3,395,380
223,4,377,407
224,1,353,335
224,2,429,335
224,3,394,380
224,4,377,407
225,1,353,335
225,2,429,335
225,3,394,380
225,4,377,407
226,1,353,335
226,2,429,335
226,3,394,380
226,4,377,407
227,1,353,335
227,2,429,335
227,3,394,380
227,4,377,407
228,1,353,335
228,2,429,335
228,3,395,380
228,4,377,407
229,1,353,335
229,2,429,335
229,3,395,380
229,4,377,407
230,1,353,335
230,2,429,335
230,3,394,379
230,4,377,407
231,1,353,335
231,2,430,334
231,3,394,379
231,4,377,405
232,1,354,335
232,2,431,335
232,3,394,379
232,4,377,405
233,1,354,335
233,2,431,335
233,3,394,379
233,4,373,407
234,1,354,335
234,2,431,335
234,3,395,379
234,4,377,407
235,1,354,335
235,2,431,335
235,3,394,379
235,4,377,407
236,1,354,335
236,2,431,335
236,3,394,379
236,4,377,405
237,1,354,335
237,2,431,335
237,3,394,379
237,4,377,405
238,1,354,335
238,2,431,335
238,3,394,379
238,4,377,405
239,1,354,335
239,2,431,335
239,3,394,379
239,4,376,407
240,1,354,335
240,2,431,335
240,3,394,379
240,4,376,407
241,1,354,335
241,2,431,335
241,3,394,379
241,4,376,407
242,1,354,335
242,2,431,335
242,3,394,379
242,4,376,407
243,1,354,335
243,2,431,335
243,3,394,379
243,4,376,407
244,1,354,335
244,2,431,335
244,3,394,379
244,4,376,407
245,1,354,335
245,2,431,335
245,3,394,379
245,4,376,407
246,1,354,335
246,2,431,335
246,3,394,379
246,4,376,407
247,1,354,335
247,2,431,335
247,3,394,379
247,4,376,407
248,1,354,335
248,2,431,335
248,3,394,379
248,4,376,405
249,1,354,335
249,2,431,335
249,3,394,379
249,4,376,405
250,1,354,335
250,2,431,335
250,3,394,379
250,4,375,407
251,1,354,335
251,2,431,335
251,3,394,379
251,4,377,407
252,1,354,335
252,2,431,335
252,3,394,379
252,4,377,407
253,1,354,335
253,2,431,335
253,3,394,379
253,4,377,407
254,1,354,335
254,2,431,335
254,3,394,380
254,4,377,407
255,1,354,335
255,2,431,335
255,3,393,378
255,4,377,407
256,1,354,335
256,2,431,335
256,3,393,378
256,4,377,407
257,1,354,335
257,2,431,335
257,3,393,378
257,4,377,407
258,1,354,335
258,2,431,335
258,3,393,378
258,4,377,407
259,1,354,335
259,2,431,335
259,3,393,378
259,4,377,407
260,1,354,335
260,2,431,335
260,3,393,378
260,4,377,407
261,1,354,335
261,2,431,335
261,3,393,378
261,4,377,407
262,1,354,335
262,2,431,335
262,3,393,378
262,4,377,407
263,1,354,335
263,2,431,335
263,3,393,378
263,4,377,407
264,1,353,335
264,2,431,335
264,3,393,378
264,4,377,407
265,1,353,335
265,2,431,335
265,3,393,378
265,4,377,407
266,1,353,335
266,2,431,335
266,3,396,380
266,4,377,407
267,1,353,335
267,2,431,335
267,3,396,380
267,4,375,407
268,1,353,335
268,2,431,335
268,3,396,380
268,4,377,407
269,1,354,335
269,2,432,335
269,3,395,378
269,4,377,407
270,1,352,334
270,2,431,334
270,3,394,377
270,4,375,405
271,1,350,333
271,2,434,333
271,3,395,377
271,4,375,405
272,1,350,333
272,2,433,332
272,3,395,377
272,4,375,405
273,1,350,333
273,2,431,333
273,3,395,377
273,4,372,403
274,1,350,333
274,2,431,333
274,3,395,377
274,4,372,403
275,1,350,333
275,2,432,334
275,3,395,377
275,4,372,403
276,1,350,333
276,2,432,333
276,3,394,376
276,4,372,404
277,1,350,333
277,2,432,333
277,3,393,376
277,4,372,404
278,1,350,333
278,2,429,334
278,3,393,376
278,4,372,404
279,1,350,333
279,2,429,334
279,3,393,376
279,4,372,404
280,1,350,333
280,2,430,331
280,3,393,376
280,4,373,402
281,1,350,333
281,2,430,331
281,3,394,376
281,4,373,402
282,1,350,333
282,2,429,334
282,3,393,376
282,4,370,404
283,1,350,333
283,2,430,333
283,3,393,376
283,4,374,402
284,1,350,333
284,2,430,333
284,3,393,376
284,4,374,402
285,1,350,333
285,2,430,333
285,3,393,376
285,4,372,405
286,1,350,333
286,2,430,333
286,3,393,376
286,4,372,403
287,1,350,333
287,2,430,333
287,3,393,376
287,4,372,403
288,1,350,333
288,2,431,334
288,3,394,376
288,4,371,403
289,1,350,333
289,2,431,333
289,3,393,376
289,4,374,403
290,1,350,333
290,2,430,332
290,3,394,376
290,4,372,401
291,1,350,333
291,2,430,332
291,3,394,376
291,4,372,401
292,1,350,333
292,2,430,332
292,3,394,376
292,4,371,403
293,1,350,333
293,2,429,333
293,3,393,376
293,4,371,402
294,1,350,333
294,2,428,333
294,3,393,376
294,4,374,402
295,1,350,333
295,2,428,333
295,3,394,377
295,4,374,404
296,1,350,333
296,2,428,333
296,3,394,377
296,4,374,404
297,1,350,333
297,2,428,333
297,3,394,377
297,4,372,404
298,1,350,333
298,2,428,333
298,3,394,377
298,4,372,404
299,1,350,333
299,2,428,333
299,3,394,377
299,4,372,404
300,1,350,333
300,2,429,333
300,3,394,377
300,4,374,404
301,1,350,333
301,2,429,333
301,3,394,377
301,4,374,404
302,1,350,333
302,2,429,333
302,3,394,377
302,4,374,404
303,1,350,333
303,2,429,333
303,3,394,377
303,4,374,404
304,1,350,333
304,2,429,333
304,3,394,377
304,4,374,404
305,1,350,333
305,2,429,333
305,3,394,377
305,4,374,404
306,1,350,333
306,2,429,333
306,3,394,377
306,4,374,404
307,1,350,333
307,2,429,333
307,3,394,377
307,4,374,404
308,1,350,333
308,2,429,333
308,3,394,377
308,4,374,404
309,1,350,333
309,2,429,333
309,3,394,377
309,4,374,404
310,1,350,333
310,2,429,333
310,3,394,377
310,4,374,404
311,1,350,333
311,2,429,333
311,3,394,377
311,4,374,404
312,1,350,333
312,2,429,333
312,3,394,377
312,4,374,404
313,1,350,333
313,2,429,333
313,3,395,377
313,4,374,404
314,1,350,333
314,2,429,333
314,3,394,377
314,4,374,404
315,1,350,333
315,2,429,333
315,3,395,377
315,4,374,404
316,1,350,333
316,2,429,333
316,3,395,377
316,4,374,404
317,1,350,333
317,2,429,333
317,3,395,377
317,4,374,404
318,1,350,333
318,2,429,333
318,3,395,377
318,4,374,404
319,1,350,333
319,2,429,333
319,3,394,377
319,4,374,404
320,1,350,333
320,2,429,333
320,3,394,377
320,4,374,404
321,1,350,333
321,2,429,333
321,3,394,377
321,4,374,404
322,1,350,333
322,2,428,333
322,3,394,377
322,4,374,404
323,1,350,333
323,2,428,333
323,3,394,377
323,4,374,404
324,1,350,333
324,2,428,333
324,3,394,377
324,4,374,404
325,1,350,333
325,2,428,333
325,3,394,377
325,4,374,404
326,1,350,333
326,2,428,333
326,3,394,377
326,4,374,404
327,1,350,333
327,2,428,333
327,3,393,379
327,4,374,404
328,1,350,333
328,2,428,333
328,3,393,379
328,4,374,404
329,1,350,333
329,2,428,333
329,3,393,379
329,4,373,406
330,1,350,333
330,2,428,333
330,3,393,379
330,4,375,404
331,1,350,333
331,2,428,333
331,3,393,379
331,4,375,404
332,1,350,333
332,2,428,333
332,3,393,379
332,4,375,404
333,1,350,333
333,2,428,333
333,3,393,379
333,4,373,406
334,1,350,333
334,2,428,333
334,3,393,379
334,4,375,404
335,1,350,333
335,2,428,333
335,3,393,379
335,4,375,404
336,1,350,333
336,2,428,333
336,3,393,379
336,4,373,406
337,1,350,333
337,2,428,333
337,3,393,379
337,4,373,406
338,1,350,333
338,2,429,333
338,3,393,379
338,4,373,406
339,1,350,333
339,2,429,333
339,3,393,379
339,4,375,404
340,1,350,333
340,2,429,333
340,3,393,379
340,4,375,404
341,1,350,333
341,2,429,333
341,3,393,379
341,4,375,404
342,1,350,333
342,2,430,330
342,3,392,378
342,4,374,407
343,1,350,333
343,2,432,334
343,3,392,378
343,4,372,404
344,1,350,333
344,2,429,331
344,3,392,378
344,4,371,403
345,1,350,333
345,2,430,333
345,3,392,378
345,4,373,401
346,1,350,333
346,2,431,336
346,3,392,378
346,4,373,401
347,1,350,333
347,2,429,336
347,3,392,378
347,4,371,406
348,1,349,333
348,2,427,335
348,3,392,378
348,4,375,405
349,1,349,333
349,2,426,336
349,3,392,378
349,4,375,405
350,1,349,333
350,2,428,334
350,3,392,378
350,4,373,405
351,1,349,333
351,2,431,333
351,3,392,378
351,4,375,405
352,1,349,333
352,2,431,333
352,3,392,378
352,4,373,405
353,1,349,333
353,2,431,333
353,3,392,378
353,4,371,403
354,1,349,333
354,2,431,333
354,3,392,378
354,4,371,403
355,1,349,333
355,2,431,334
355,3,392,378
355,4,370,404
356,1,349,333
356,2,428,333
356,3,392,377
356,4,370,404
357,1,349,333
357,2,431,334
357,3,392,377
357,4,375,402
358,1,349,333
358,2,428,333
358,3,392,377
358,4,375,402
359,1,349,333
359,2,428,333
359,3,392,377
359,4,374,404
360,1,349,333
360,2,429,334
360,3,392,377
360,4,374,404
361,1,349,333
361,2,429,334
361,3,392,377
361,4,374,404
362,1,349,333
362,2,429,332
362,3,392,377
362,4,374,404
363,1,353,334
363,2,428,333
363,3,392,377
363,4,374,404
364,1,353,334
364,2,428,333
364,3,392,377
364,4,374,404
365,1,353,334
365,2,428,333
365,3,392,377
365,4,373,401
366,1,353,334
366,2,428,333
366,3,392,377
366,4,373,401
367,1,352,334
367,2,426,332
367,3,392,377
367,4,372,405
368,1,351,334
368,2,430,333
368,3,392,378
368,4,374,404
369,1,351,334
369,2,424,330
369,3,391,377
369,4,374,404
370,1,351,334
370,2,424,330
370,3,391,373
370,4,374,404
371,1,351,334
371,2,424,330
371,3,391,373
371,4,374,404
372,1,351,334
372,2,424,330
372,3,391,373
372,4,374,404
373,1,351,334
373,2,424,330
373,3,391,373
373,4,374,404
374,1,351,334
374,2,424,330
374,3,391,373
374,4,374,404
375,1,351,334
375,2,424,330
375,3,391,373
375,4,374,404
376,1,351,334
376,2,424,330
376,3,391,373
376,4,374,404
377,1,351,334
377,2,424,330
377,3,391,373
377,4,374,404
378,1,351,334
378,2,424,330
378,3,391,373
378,4,374,404
379,1,351,334
379,2,424,330
379,3,391,373
379,4,374,404
380,1,351,334
380,2,424,330
380,3,391,373
380,4,374,404
381,1,351,334
381,2,424,330
381,3,391,373
381,4,374,404
382,1,351,334
382,2,424,330
382,3,391,373
382,4,374,404
383,1,351,334
383,2,424,330
383,3,391,373
383,4,374,404
384,1,0,55094240
384,2,0,640
384,3,479,0
384,4,0,0
385,1,249,342
385,2,249,341
385,3,391,372
385,4,336,250
386,1,0,55094240
386,2,0,640
386,3,479,0
386,4,0,0
387,1,22,45
387,2,37,10
387,3,390,373
387,4,45,37
388,1,249,342
388,2,249,341
388,3,391,372
388,4,336,250
389,1,0,55094240
389,2,0,640
389,3,479,0
389,4,0,0
390,1,25,45
390,2,37,32
390,3,390,373
390,4,45,37
391,1,249,342
391,2,249,341
391,3,391,372
391,4,336,250
392,1,0,55094240
392,2,0,640
392,3,479,0
392,4,0,0
393,1,22,45
393,2,37,30
393,3,45,37
393,4,45,37
394,1,25,45
394,2,37,32
394,3,390,373
394,4,45,37
395,1,22,45
395,2,37,30
395,3,45,37
395,4,45,37
396,1,25,45
396,2,37,32
396,3,390,373
396,4,45,37
397,1,22,45
397,2,37,30
397,3,45,37
397,4,45,37
398,1,22,45
398,2,37,30
398,3,391,371
398,4,45,37
399,1,22,45
399,2,37,30
399,3,45,37
399,4,45,37
400,1,354,329
400,2,426,332
400,3,390,370
400,4,373,402
401,1,354,329
401,2,426,332
401,3,390,370
401,4,374,400
402,1,354,329
402,2,425,332
402,3,390,370
402,4,374,400
403,1,354,329
403,2,425,332
403,3,390,370
403,4,374,400
404,1,354,329
404,2,425,332
404,3,390,370
404,4,374,400
405,1,354,329
405,2,425,332
405,3,390,370
405,4,374,400
406,1,354,329
406,2,425,332
406,3,390,370
406,4,374,400
407,1,354,329
407,2,425,332
407,3,390,370
407,4,374,400
408,1,354,329
408,2,425,332
408,3,390,368
408,4,374,400
409,1,354,329
409,2,424,331
409,3,390,368
409,4,374,400
410,1,354,329
410,2,424,331
410,3,390,368
410,4,374,400
411,1,354,329
411,2,424,331
411,3,390,368
411,4,374,400
412,1,354,329
412,2,424,331
412,3,390,368
412,4,374,400
413,1,354,329
413,2,424,331
413,3,390,368
413,4,374,400
414,1,354,329
414,2,425,333
414,3,388,372
414,4,374,400
415,1,354,329
415,2,426,334
415,3,388,372
415,4,373,400
416,1,354,329
416,2,426,334
416,3,388,372
416,4,374,400
417,1,354,329
417,2,426,334
417,3,388,372
417,4,374,400
418,1,354,329
418,2,426,334
418,3,388,372
418,4,374,400
419,1,354,329
419,2,426,334
419,3,388,372
419,4,372,400
420,1,354,329
420,2,426,334
420,3,388,372
420,4,372,400
421,1,354,329
421,2,426,334
421,3,388,372
421,4,372,400
422,1,354,329
422,2,426,334
422,3,388,372
422,4,372,400
423,1,354,329
423,2,426,334
423,3,388,372
423,4,372,400
424,1,354,329
424,2,426,334
424,3,388,372
424,4,372,400
425,1,354,329
425,2,426,334
425,3,391,370
425,4,372,400
426,1,354,329
426,2,426,334
426,3,390,370
426,4,372,400
427,1,354,329
427,2,426,334
427,3,390,370
427,4,372,400
428,1,354,329
428,2,426,334
428,3,390,370
428,4,372,400
429,1,354,329
429,2,426,334
429,3,390,370
429,4,372,400
430,1,354,329
430,2,426,334
430,3,390,370
430,4,372,400
431,1,354,329
431,2,426,334
431,3,389,372
431,4,372,400
432,1,354,329
432,2,426,334
432,3,389,372
432,4,372,400
433,1,354,329
433,2,426,334
433,3,390,372
433,4,372,400
434,1,354,329
434,2,426,334
434,3,390,372
434,4,372,400
435,1,354,329
435,2,426,334
435,3,389,370
435,4,372,400
436,1,354,329
436,2,426,334
436,3,389,370
436,4,372,400
437,1,354,329
437,2,426,334
437,3,389,370
437,4,372,402
438,1,354,329
438,2,426,334
438,3,389,370
438,4,372,400
439,1,354,329
439,2,426,334
439,3,389,370
439,4,372,400
440,1,354,329
440,2,426,334
440,3,389,370
440,4,372,400
441,1,354,329
441,2,426,334
441,3,389,370
441,4,372,400
442,1,354,329
442,2,426,334
442,3,389,370
442,4,372,400
443,1,354,329
443,2,426,334
443,3,389,370
443,4,372,400
444,1,354,329
444,2,426,334
444,3,389,371
444,4,372,402
445,1,354,329
445,2,426,334
445,3,389,371
445,4,372,403
446,1,354,329
446,2,426,334
446,3,389,371
446,4,373,404
447,1,354,329
447,2,426,334
447,3,389,371
447,4,373,403
448,1,354,329
448,2,426,334
448,3,389,371
448,4,373,403
449,1,354,329
449,2,426,334
449,3,389,371
449,4,371,404
450,1,354,329
450,2,426,334
450,3,389,371
450,4,373,402
451,1,355,329
451,2,426,334
451,3,389,371
451,4,371,401
452,1,355,329
452,2,426,334
452,3,389,371
452,4,371,401
453,1,355,329
453,2,426,334
453,3,389,371
453,4,374,403
454,1,356,329
454,2,426,334
454,3,389,371
454,4,374,403
455,1,356,329
455,2,425,334
455,3,390,371
455,4,374,404
456,1,356,329
456,2,425,334
456,3,389,371
456,4,374,403
457,1,353,328
457,2,425,333
457,3,390,370
457,4,374,403
458,1,352,327
458,2,428,330
458,3,389,372
458,4,374,402
459,1,352,327
459,2,428,332
459,3,389,372
459,4,371,400
460,1,352,327
460,2,428,332
460,3,389,372
460,4,370,401
461,1,352,327
461,2,428,332
461,3,388,372
461,4,370,401
462,1,352,327
462,2,428,332
462,3,388,372
462,4,371,403
463,1,352,327
463,2,428,332
463,3,388,372
463,4,370,403
464,1,352,327
464,2,429,330
464,3,388,372
464,4,371,403
465,1,352,327
465,2,429,330
465,3,388,372
465,4,372,401
466,1,352,327
466,2,429,330
466,3,388,372
466,4,372,401
467,1,352,327
467,2,429,330
467,3,388,372
467,4,372,401
468,1,352,327
468,2,429,330
468,3,388,372
468,4,372,401
469,1,352,327
469,2,429,330
469,3,388,371
469,4,370,401
470,1,352,327
470,2,429,330
470,3,388,371
470,4,371,401
471,1,352,327
471,2,429,330
471,3,389,371
471,4,372,402
472,1,352,327
472,2,429,330
472,3,388,371
472,4,372,401
473,1,352,327
473,2,426,330
473,3,388,371
473,4,372,401
474,1,352,327
474,2,426,330
474,3,388,371
474,4,372,401
475,1,352,327
475,2,425,330
475,3,388,371
475,4,371,402
476,1,352,327
476,2,425,330
476,3,390,369
476,4,370,401
477,1,352,327
477,2,428,328
477,3,390,369
477,4,371,402
478,1,352,327
478,2,428,328
478,3,390,369
478,4,371,402
479,1,352,327
479,2,426,332
479,3,390,369
479,4,371,402
480,1,352,327
480,2,426,329
480,3,390,369
480,4,371,402
481,1,352,327
481,2,426,329
481,3,390,369
481,4,371,402
482,1,352,327
482,2,426,329
482,3,390,369
482,4,371,402
483,1,352,327
483,2,426,329
483,3,390,369
483,4,371,402
484,1,352,327
484,2,426,329
484,3,390,369
484,4,371,402
485,1,352,327
485,2,426,329
485,3,390,369
485,4,371,402
486,1,352,327
486,2,427,329
486,3,390,369
486,4,371,402
487,1,352,327
487,2,427,329
487,3,390,369
487,4,371,402
488,1,352,327
488,2,427,329
488,3,390,369
488,4,371,402
489,1,352,327
489,2,427,329
489,3,390,369
489,4,371,402
490,1,352,327
490,2,427,329
490,3,390,369
490,4,372,400
491,1,352,327
491,2,427,329
491,3,390,369
491,4,372,400
492,1,352,327
492,2,427,330
492,3,390,369
492,4,372,400
493,1,352,327
493,2,427,331
493,3,390,369
493,4,372,400
494,1,352,327
494,2,427,331
494,3,390,368
494,4,372,400
495,1,352,327
495,2,427,331
495,3,390,368
495,4,372,400
496,1,352,327
496,2,427,331
496,3,390,368
496,4,372,398
497,1,352,327
497,2,427,331
497,3,390,368
497,4,372,398
498,1,352,327
498,2,427,331
498,3,390,368
498,4,372,398
499,1,352,327
499,2,427,331
499,3,390,368
499,4,372,398
500,1,352,327
500,2,427,332
500,3,390,368
500,4,372,398
501,1,353,327
501,2,427,333
501,3,390,368
501,4,372,398
502,1,353,327
502,2,427,334
502,3,390,368
502,4,372,398
503,1,353,327
503,2,427,334
503,3,390,369
503,4,371,399
504,1,353,327
504,2,427,334
504,3,390,369
504,4,372,400
505,1,353,327
505,2,427,334
505,3,390,369
505,4,370,398
506,1,353,327
506,2,427,334
506,3,390,369
506,4,370,399
507,1,352,327
507,2,426,334
507,3,390,369
507,4,371,400
508,1,352,327
508,2,425,334
508,3,389,369
508,4,370,399
509,1,352,327
509,2,425,334
509,3,389,369
509,4,370,400
510,1,352,327
510,2,425,334
510,3,390,369
510,4,369,399
511,1,352,327
511,2,425,334
511,3,390,369
511,4,372,400
512,1,352,327
512,2,426,334
512,3,390,369
512,4,372,399
513,1,352,327
513,2,426,334
513,3,390,369
513,4,372,399
514,1,352,327
514,2,426,334
514,3,390,369
514,4,372,399
515,1,352,327
515,2,426,334
515,3,390,369
515,4,372,399
516,1,352,327
516,2,426,334
516,3,390,369
516,4,372,399
517,1,352,327
517,2,426,334
517,3,389,370
517,4,372,400
518,1,352,327
518,2,426,334
518,3,389,370
518,4,372,400
519,1,352,327
519,2,426,334
519,3,390,370
519,4,372,400
520,1,352,327
520,2,426,334
520,3,389,370
520,4,372,400
521,1,352,327
521,2,426,334
521,3,390,369
521,4,371,401
522,1,352,327
522,2,424,329
522,3,389,369
522,4,369,402
523,1,351,327
523,2,424,329
523,3,389,370
523,4,373,401
524,1,351,327
524,2,424,329
524,3,389,370
524,4,373,401
525,1,351,327
525,2,424,329
525,3,389,370
525,4,373,401
526,1,352,327
526,2,424,329
526,3,390,370
526,4,373,401
527,1,351,327
527,2,424,329
527,3,390,370
527,4,372,402
528,1,351,327
528,2,424,329
528,3,389,370
528,4,370,401
529,1,351,327
529,2,424,329
529,3,390,370
529,4,370,401
530,1,351,327
530,2,424,330
530,3,390,370
530,4,370,401
531,1,351,327
531,2,424,330
531,3,390,370
531,4,371,401
532,1,351,327
532,2,424,330
532,3,390,370
532,4,371,401
533,1,351,327
533,2,424,330
533,3,390,370
533,4,371,401
534,1,351,327
534,2,424,330
534,3,390,370
534,4,371,401
535,1,351,327
535,2,424,330
535,3,390,370
535,4,371,401
536,1,351,327
536,2,424,330
536,3,390,370
536,4,371,401
537,1,351,327
537,2,424,330
537,3,390,370
537,4,371,401
538,1,351,327
538,2,424,330
538,3,390,368
538,4,371,401
539,1,351,327
539,2,424,330
539,3,390,368
539,4,371,401
540,1,351,327
540,2,424,330
540,3,390,368
540,4,371,401
541,1,350,327
541,2,424,330
541,3,390,368
541,4,371,401
542,1,350,327
542,2,424,330
542,3,390,368
542,4,371,401
543,1,350,327
543,2,424,330
543,3,390,368
543,4,371,401
544,1,350,327
544,2,424,330
544,3,390,368
544,4,371,401
545,1,350,327
545,2,424,330
545,3,390,368
545,4,371,401
546,1,350,327
546,2,424,330
546,3,390,368
546,4,372,401
547,1,350,327
547,2,424,330
547,3,390,368
547,4,369,402
548,1,350,327
548,2,424,330
548,3,389,368
548,4,369,400
549,1,350,327
549,2,424,330
549,3,389,368
549,4,369,400
550,1,351,327
550,2,424,330
550,3,390,368
550,4,368,401
551,1,350,327
551,2,424,330
551,3,390,368
551,4,369,403
552,1,350,327
552,2,424,330
552,3,390,368
552,4,370,401
553,1,349,327
553,2,425,330
553,3,389,368
553,4,369,403
554,1,349,327
554,2,425,330
554,3,389,368
554,4,370,401
555,1,349,327
555,2,427,330
555,3,390,368
555,4,369,403
556,1,349,327
556,2,427,330
556,3,390,368
556,4,370,402
557,1,349,327
557,2,427,330
557,3,390,368
557,4,369,401
558,1,349,327
558,2,427,330
558,3,389,368
558,4,369,401
559,1,349,327
559,2,427,330
559,3,389,368
559,4,370,401
560,1,349,327
560,2,427,330
560,3,389,368
560,4,370,401
561,1,349,327
561,2,427,330
561,3,390,368
561,4,370,402
562,1,349,327
562,2,427,330
562,3,390,368
562,4,370,402
563,1,349,327
563,2,427,330
563,3,389,368
563,4,370,402
564,1,349,327
564,2,427,330
564,3,389,368
564,4,370,402
565,1,349,327
565,2,427,330
565,3,390,367
565,4,370,401
566,1,349,327
566,2,427,330
566,3,389,368
566,4,370,402
567,1,349,327
567,2,427,330
567,3,389,367
567,4,369,401
568,1,349,327
568,2,427,330
568,3,390,367
568,4,369,401
569,1,349,327
569,2,427,330
569,3,389,367
569,4,369,401
570,1,349,327
570,2,427,330
570,3,389,367
570,4,368,400
571,1,349,327
571,2,427,330
571,3,389,367
571,4,368,400
572,1,349,327
572,2,427,330
572,3,389,367
572,4,368,400
573,1,350,327
573,2,427,331
573,3,389,367
573,4,368,400
574,1,349,327
574,2,427,329
574,3,389,367
574,4,368,401
575,1,349,327
575,2,422,330
575,3,389,367
575,4,368,401
576,1,349,327
576,2,424,330
576,3,391,369
576,4,368,401
577,1,349,327
577,2,426,331
577,3,391,369
577,4,368,401
578,1,349,327
578,2,426,331
578,3,391,369
578,4,368,401
579,1,349,327
579,2,426,329
579,3,391,369
579,4,370,400
580,1,349,327
580,2,426,329
580,3,391,369
580,4,370,400
581,1,349,327
581,2,426,329
581,3,391,369
581,4,370,400
582,1,349,327
582,2,426,329
582,3,391,369
582,4,370,400
583,1,349,327
583,2,426,329
583,3,391,369
583,4,370,400
584,1,349,327
584,2,429,329
584,3,391,369
584,4,370,400
585,1,349,327
585,2,428,328
585,3,391,369
585,4,370,400
586,1,349,327
586,2,422,333
586,3,391,369
586,4,370,400
587,1,349,327
587,2,424,332
587,3,391,369
587,4,370,400
588,1,349,327
588,2,427,327
588,3,391,369
588,4,370,401
589,1,349,327
589,2,427,327
589,3,391,369
589,4,371,401
590,1,349,327
590,2,427,327
590,3,391,369
590,4,372,400
591,1,349,327
591,2,427,327
591,3,391,369
591,4,372,400
592,1,349,327
592,2,427,327
592,3,391,369
592,4,372,400
593,1,349,327
593,2,427,327
593,3,391,369
593,4,372,400
594,1,349,327
594,2,427,327
594,3,391,369
594,4,372,400
595,1,350,327
595,2,427,328
595,3,391,369
595,4,372,400
596,1,350,327
596,2,426,328
596,3,391,369
596,4,372,400
597,1,350,327
597,2,426,328
597,3,391,369
597,4,370,400
598,1,349,327
598,2,426,328
598,3,391,369
598,4,370,400
599,1,349,327
599,2,426,328
599,3,391,369
599,4,370,400
600,1,349,327
600,2,426,328
600,3,391,369
600,4,370,400
601,1,349,327
601,2,426,328
601,3,390,369
601,4,369,400
602,1,349,327
602,2,426,328
602,3,390,369
602,4,371,400
603,1,349,327
603,2,426,328
603,3,390,369
603,4,370,400
604,1,349,327
604,2,426,328
604,3,390,369
604,4,370,400
605,1,349,327
605,2,426,328
605,3,390,369
605,4,370,400
606,1,349,327
606,2,426,328
606,3,390,369
606,4,369,400
607,1,349,327
607,2,426,328
607,3,390,369
607,4,368,397
608,1,349,327
608,2,426,328
608,3,390,369
608,4,367,397
609,1,349,327
609,2,426,328
609,3,390,369
609,4,367,399
610,1,349,327
610,2,426,328
610,3,390,369
610,4,368,400
611,1,349,327
611,2,426,328
611,3,390,369
611,4,367,397
612,1,349,327
612,2,426,328
612,3,390,369
612,4,369,398
613,1,349,327
613,2,426,328
613,3,390,370
613,4,369,398
614,1,349,327
614,2,426,328
614,3,391,370
614,4,370,399
615,1,349,327
615,2,426,328
615,3,391,370
615,4,372,400
616,1,349,327
616,2,427,328
616,3,391,370
616,4,369,401
617,1,349,327
617,2,426,328
617,3,390,370
617,4,370,402
618,1,349,327
618,2,426,328
618,3,391,370
618,4,368,402
619,1,349,327
619,2,426,328
619,3,391,370
619,4,368,402
620,1,349,327
620,2,426,328
620,3,391,370
620,4,370,403
621,1,349,327
621,2,426,328
621,3,391,370
621,4,369,403
622,1,349,327
622,2,426,328
622,3,391,370
622,4,369,402
623,1,349,327
623,2,426,328
623,3,391,370
623,4,370,401
624,1,349,327
624,2,426,328
624,3,391,370
624,4,370,401
625,1,349,327
625,2,426,328
625,3,391,370
625,4,371,402
626,1,349,327
626,2,426,328
626,3,391,370
626,4,371,402
627,1,349,327
627,2,426,328
627,3,391,370
627,4,371,402
628,1,349,327
628,2,426,328
628,3,391,370
628,4,371,402
629,1,349,327
629,2,426,328
629,3,391,370
629,4,371,402
630,1,349,327
630,2,426,328
630,3,391,370
630,4,371,402
631,1,349,327
631,2,426,328
631,3,391,370
631,4,371,402
632,1,349,327
632,2,426,328
632,3,390,370
632,4,370,402
633,1,349,327
633,2,426,328
633,3,390,370
633,4,369,402
634,1,350,327
634,2,426,328
634,3,391,370
634,4,372,401
635,1,350,327
635,2,427,328
635,3,391,370
635,4,372,401
636,1,350,327
636,2,428,328
636,3,391,370
636,4,370,402
637,1,349,326
637,2,428,327
637,3,391,370
637,4,369,400
638,1,349,326
638,2,426,332
638,3,391,370
638,4,371,400
639,1,349,326
639,2,426,332
639,3,391,369
639,4,371,400
640,1,349,326
640,2,426,332
640,3,391,369
640,4,370,400
641,1,349,326
641,2,426,332
641,3,391,369
641,4,370,400
642,1,349,326
642,2,428,328
642,3,390,369
642,4,370,400
643,1,349,326
643,2,428,328
643,3,390,369
643,4,367,400
644,1,349,326
644,2,428,328
644,3,390,369
644,4,370,401
645,1,349,326
645,2,428,328
645,3,390,369
645,4,370,401
646,1,349,326
646,2,428,328
646,3,390,369
646,4,370,402
647,1,349,326
647,2,428,328
647,3,390,369
647,4,370,402
648,1,349,326
648,2,428,328
648,3,390,369
648,4,370,402
649,1,349,326
649,2,428,328
649,3,390,369
649,4,370,402
650,1,349,326
650,2,428,328
650,3,390,369
650,4,370,402
651,1,349,326
651,2,428,328
651,3,390,369
651,4,370,401
652,1,349,326
652,2,428,328
652,3,390,369
652,4,370,401
653,1,349,326
653,2,428,328
653,3,390,369
653,4,369,402
654,1,349,326
654,2,428,328
654,3,390,369
654,4,369,401
655,1,349,326
655,2,428,328
655,3,390,369
655,4,369,401
656,1,349,326
656,2,428,328
656,3,390,369
656,4,369,401
657,1,349,326
657,2,428,328
657,3,390,369
657,4,371,402
658,1,349,326
658,2,428,328
658,3,390,369
658,4,371,402
659,1,349,326
659,2,428,328
659,3,390,369
659,4,369,402
660,1,349,326
660,2,428,328
660,3,390,369
660,4,369,402
661,1,349,326
661,2,428,328
661,3,390,369
661,4,369,402
662,1,350,326
662,2,428,328
662,3,390,369
662,4,369,402
663,1,351,326
663,2,428,329
663,3,390,369
663,4,369,402
664,1,351,326
664,2,428,329
664,3,390,369
664,4,370,400
665,1,350,326
665,2,425,331
665,3,390,369
665,4,370,400
666,1,350,326
666,2,425,330
666,3,390,369
666,4,369,400
667,1,350,326
667,2,425,331
667,3,390,369
667,4,371,402
668,1,350,326
668,2,425,331
668,3,390,369
668,4,369,401
669,1,350,326
669,2,425,331
669,3,390,369
669,4,370,403
670,1,350,326
670,2,425,330
670,3,390,369
670,4,369,403
671,1,350,326
671,2,425,330
671,3,390,369
671,4,369,404
672,1,350,326
672,2,425,329
672,3,390,369
672,4,370,402
673,1,350,326
673,2,425,329
673,3,390,369
673,4,370,401
674,1,350,326
674,2,425,329
674,3,390,369
674,4,369,403
675,1,350,326
675,2,425,329
675,3,390,369
675,4,370,402
676,1,350,326
676,2,425,329
676,3,390,369
676,4,370,402
677,1,350,326
677,2,425,329
677,3,390,369
677,4,370,402
678,1,350,326
678,2,425,329
678,3,390,369
678,4,370,402
679,1,350,326
679,2,425,329
679,3,390,369
679,4,370,401
680,1,350,326
680,2,425,329
680,3,390,369
680,4,370,401
681,1,350,326
681,2,425,329
681,3,390,369
681,4,370,401
682,1,350,326
682,2,425,329
682,3,390,369
682,4,370,401
683,1,350,326
683,2,425,329
683,3,390,369
683,4,370,401
684,1,350,326
684,2,425,329
684,3,390,369
684,4,369,401
685,1,350,326
685,2,425,329
685,3,390,369
685,4,372,403
686,1,350,326
686,2,425,328
686,3,391,369
686,4,369,403
687,1,350,326
687,2,425,328
687,3,391,369
687,4,371,402
688,1,350,326
688,2,425,328
688,3,391,369
688,4,371,402
689,1,350,326
689,2,425,328
689,3,391,369
689,4,371,402
690,1,350,326
690,2,425,328
690,3,391,369
690,4,371,402
691,1,350,326
691,2,425,328
691,3,391,369
691,4,371,402
692,1,350,326
692,2,425,328
692,3,391,369
692,4,371,402
693,1,350,326
693,2,425,328
693,3,391,368
693,4,371,402
694,1,350,326
694,2,427,329
694,3,391,368
694,4,371,402
695,1,350,326
695,2,427,329
695,3,391,368
695,4,371,402
696,1,350,326
696,2,427,329
696,3,391,368
696,4,371,402
697,1,351,326
697,2,427,330
697,3,391,369
697,4,372,402
698,1,351,326
698,2,426,329
698,3,391,368
698,4,371,402
699,1,350,326
699,2,426,329
699,3,391,368
699,4,371,402
700,1,350,326
700,2,426,329
700,3,391,368
700,4,371,402
701,1,350,326
701,2,426,329
701,3,391,369
701,4,372,402
702,1,350,326
702,2,428,331
702,3,391,369
702,4,369,401
703,1,350,326
703,2,428,331
703,3,391,369
703,4,369,403
704,1,350,326
704,2,428,331
704,3,391,369
704,4,369,403
705,1,350,326
705,2,428,331
705,3,391,369
705,4,370,402
706,1,350,326
706,2,428,331
706,3,391,369
706,4,370,401
707,1,350,326
707,2,428,331
707,3,390,369
707,4,370,401
708,1,350,326
708,2,427,330
708,3,390,369
708,4,370,401
709,1,350,326
709,2,427,330
709,3,390,369
709,4,370,401
710,1,351,326
710,2,423,327
710,3,390,368
710,4,370,401
711,1,351,326
711,2,423,327
711,3,390,369
711,4,370,401
712,1,350,326
712,2,423,326
712,3,390,369
712,4,370,401
713,1,350,326
713,2,426,329
713,3,390,367
713,4,372,400
714,1,350,326
714,2,426,329
714,3,390,367
714,4,372,400
715,1,350,326
715,2,426,329
715,3,390,367
715,4,370,401
716,1,350,326
716,2,426,329
716,3,390,367
716,4,369,401
717,1,350,326
717,2,426,329
717,3,390,367
717,4,369,401
718,1,350,326
718,2,426,329
718,3,390,367
718,4,369,401
719,1,350,326
719,2,426,329
719,3,390,367
719,4,370,401
720,1,350,326
720,2,426,329
720,3,390,367
720,4,369,402
721,1,350,326
721,2,426,329
721,3,390,367
721,4,370,400
722,1,351,326
722,2,426,331
722,3,390,367
722,4,370,400
723,1,352,326
723,2,426,332
723,3,390,367
723,4,370,400
724,1,351,326
724,2,427,332
724,3,390,367
724,4,370,400
725,1,349,326
725,2,426,331
725,3,390,367
725,4,369,402
726,1,349,326
726,2,426,329
726,3,390,367
726,4,369,402
727,1,349,326
727,2,427,329
727,3,390,367
727,4,370,401
728,1,349,326
728,2,427,329
728,3,390,367
728,4,370,402
729,1,349,326
729,2,427,329
729,3,390,367
729,4,370,402
730,1,349,326
730,2,427,329
730,3,390,367
730,4,370,402
731,1,349,326
731,2,427,329
731,3,390,367
731,4,369,401
732,1,349,326
732,2,428,330
732,3,390,367
732,4,370,401
733,1,351,326
733,2,427,331
733,3,390,367
733,4,369,403
734,1,350,326
734,2,428,331
734,3,390,367
734,4,371,402
735,1,350,326
735,2,427,332
735,3,390,367
735,4,371,401
736,1,349,326
736,2,422,333
736,3,390,367
736,4,371,400
737,1,349,326
737,2,422,333
737,3,390,367
737,4,370,399
738,1,349,326
738,2,424,331
738,3,390,367
738,4,371,401
739,1,349,326
739,2,426,330
739,3,390,367
739,4,371,401
740,1,349,326
740,2,427,330
740,3,390,367
740,4,371,401
741,1,349,326
741,2,426,331
741,3,390,367
741,4,370,403
742,1,348,326
742,2,426,329
742,3,390,367
742,4,370,403
743,1,348,326
743,2,427,330
743,3,390,367
743,4,370,402
744,1,348,326
744,2,427,330
744,3,390,367
744,4,367,402
745,1,348,326
745,2,427,330
745,3,390,367
745,4,368,401
746,1,348,326
746,2,426,328
746,3,390,367
746,4,368,401
747,1,348,326
747,2,426,328
747,3,390,367
747,4,371,403
748,1,348,326
748,2,426,328
748,3,390,367
748,4,371,403
749,1,348,326
749,2,427,330
749,3,390,367
749,4,371,403
750,1,348,326
750,2,427,330
750,3,390,367
750,4,369,401
751,1,348,326
751,2,428,327
751,3,390,367
751,4,369,403
752,1,349,326
752,2,428,327
752,3,390,367
752,4,369,403
753,1,350,326
753,2,427,328
753,3,390,367
753,4,372,403
754,1,349,326
754,2,428,328
754,3,391,367
754,4,372,403
755,1,348,326
755,2,427,327
755,3,391,367
755,4,371,403
756,1,348,326
756,2,427,327
756,3,391,367
756,4,371,403
757,1,348,326
757,2,427,327
757,3,391,367
757,4,371,401
758,1,348,326
758,2,427,327
758,3,391,367
758,4,371,401
759,1,348,326
759,2,427,327
759,3,391,367
759,4,371,401
760,1,348,326
760,2,427,327
760,3,391,367
760,4,370,400
761,1,348,326
761,2,427,327
761,3,391,367
761,4,370,400
762,1,348,326
762,2,427,327
762,3,391,367
762,4,370,400
763,1,349,326
763,2,426,328
763,3,391,367
763,4,370,400
764,1,349,326
764,2,426,328
764,3,391,367
764,4,370,400
765,1,349,326
765,2,427,327
765,3,391,367
765,4,370,400
766,1,349,326
766,2,426,332
766,3,391,367
766,4,370,400
767,1,349,326
767,2,426,332
767,3,391,367
767,4,370,400
768,1,349,326
768,2,427,332
768,3,391,367
768,4,370,400
769,1,349,326
769,2,427,329
769,3,391,367
769,4,370,400
770,1,349,326
770,2,427,329
770,3,391,367
770,4,370,400
771,1,349,326
771,2,427,329
771,3,391,367
771,4,371,400
772,1,349,326
772,2,427,329
772,3,391,367
772,4,370,400
773,1,350,326
773,2,427,329
773,3,391,367
773,4,369,401
774,1,351,326
774,2,426,330
774,3,391,367
774,4,370,401
775,1,350,326
775,2,427,330
775,3,391,367
775,4,370,401
776,1,349,326
776,2,424,331
776,3,391,367
776,4,370,401
777,1,349,326
777,2,426,330
777,3,391,367
777,4,370,401
778,1,349,326
778,2,426,330
778,3,391,367
778,4,370,401
779,1,349,326
779,2,427,330
779,3,391,367
779,4,370,401
780,1,349,326
780,2,427,330
780,3,391,367
780,4,370,401
781,1,349,326
781,2,427,330
781,3,391,367
781,4,370,401
782,1,350,326
782,2,428,331
782,3,391,367
782,4,370,401
783,1,350,326
783,2,428,332
783,3,391,367
783,4,370,401
784,1,349,326
784,2,424,329
784,3,390,367
784,4,370,401
785,1,349,326
785,2,424,328
785,3,390,367
785,4,371,404
786,1,349,326
786,2,428,331
786,3,390,367
786,4,371,404
787,1,349,326
787,2,426,332
787,3,390,367
787,4,370,399
788,1,349,326
788,2,430,330
788,3,390,367
788,4,370,401
789,1,349,326
789,2,430,330
789,3,390,367
789,4,369,401
790,1,349,326
790,2,429,331
790,3,390,367
790,4,369,401
791,1,349,326
791,2,429,331
791,3,390,367
791,4,368,402
792,1,349,326
792,2,421,334
792,3,390,367
792,4,368,400
793,1,349,326
793,2,424,331
793,3,390,367
793,4,370,402
794,1,349,326
794,2,424,332
794,3,390,367
794,4,370,402
795,1,349,326
795,2,424,331
795,3,390,367
795,4,369,401
796,1,349,326
796,2,426,330
796,3,390,367
796,4,371,403
797,1,350,326
797,2,426,326
797,3,390,367
797,4,369,402
798,1,350,326
798,2,426,326
798,3,390,367
798,4,369,402
799,1,350,326
799,2,426,325
799,3,390,367
799,4,369,402
800,1,349,326
800,2,423,333
800,3,390,367
800,4,369,402
801,1,349,326
801,2,423,330
801,3,390,367
801,4,369,400
802,1,349,326
802,2,424,330
802,3,390,367
802,4,370,400
803,1,349,326
803,2,424,329
803,3,390,367
803,4,370,400
804,1,349,326
804,2,424,328
804,3,390,367
804,4,370,400
805,1,349,326
805,2,423,329
805,3,390,367
805,4,370,400
806,1,349,326
806,2,423,328
806,3,390,367
806,4,370,400
807,1,349,326
807,2,426,330
807,3,390,367
807,4,370,401
808,1,349,326
808,2,426,330
808,3,390,367
808,4,370,401
809,1,349,326
809,2,426,330
809,3,390,367
809,4,370,401
810,1,349,326
810,2,427,330
810,3,390,367
810,4,370,401
811,1,349,326
811,2,427,331
811,3,390,367
811,4,370,401
812,1,348,326
812,2,427,330
812,3,390,367
812,4,370,401
813,1,348,326
813,2,425,330
813,3,391,367
813,4,370,401
814,1,348,326
814,2,425,330
814,3,391,367
814,4,370,401
815,1,348,326
815,2,426,330
815,3,390,367
815,4,370,403
816,1,348,326
816,2,427,330
816,3,390,367
816,4,368,402
817,1,348,326
817,2,427,330
817,3,390,367
817,4,366,402
818,1,348,326
818,2,427,330
818,3,390,367
818,4,366,401
819,1,348,326
819,2,426,328
819,3,391,367
819,4,368,401
820,1,349,326
820,2,426,328
820,3,390,367
820,4,370,403
821,1,349,326
821,2,425,329
821,3,390,367
821,4,370,403
822,1,348,326
822,2,427,331
822,3,390,367
822,4,370,403
823,1,348,326
823,2,425,330
823,3,390,367
823,4,367,401
824,1,348,326
824,2,426,330
824,3,390,367
824,4,367,401
825,1,348,326
825,2,427,330
825,3,390,367
825,4,367,401
826,1,348,326
826,2,427,329
826,3,390,367
826,4,367,401
827,1,348,326
827,2,427,329
827,3,390,367
827,4,367,401
828,1,348,326
828,2,427,329
828,3,390,367
828,4,370,403
829,1,348,326
829,2,425,330
829,3,390,367
829,4,369,402
830,1,348,326
830,2,427,330
830,3,390,367
830,4,369,401
831,1,348,326
831,2,427,329
831,3,390,367
831,4,367,403
832,1,348,326
832,2,427,330
832,3,390,367
832,4,370,402
833,1,348,326
833,2,427,330
833,3,390,367
833,4,370,402
834,1,348,326
834,2,426,328
834,3,390,367
834,4,370,402
835,1,348,326
835,2,426,328
835,3,390,367
835,4,370,402
836,1,348,326
836,2,426,328
836,3,390,367
836,4,368,402
837,1,349,326
837,2,425,329
837,3,390,367
837,4,368,400
838,1,349,326
838,2,425,329
838,3,390,367
838,4,369,400
839,1,349,326
839,2,427,329
839,3,390,367
839,4,370,402
840,1,349,326
840,2,427,329
840,3,390,367
840,4,370,401
841,1,349,326
841,2,427,329
841,3,390,367
841,4,371,402
842,1,349,326
842,2,427,329
842,3,390,367
842,4,371,402
843,1,349,326
843,2,427,329
843,3,390,367
843,4,370,401
844,1,349,326
844,2,427,329
844,3,390,367
844,4,371,401
845,1,350,326
845,2,427,330
845,3,390,367
845,4,370,402
846,1,349,326
846,2,426,329
846,3,391,368
846,4,368,401
847,1,352,326
847,2,431,331
847,3,397,367
847,4,374,403
848,1,351,326
848,2,426,328
848,3,398,365
848,4,376,401
849,1,344,324
849,2,419,322
849,3,393,360
849,4,374,395
850,1,329,321
850,2,401,316
850,3,374,353
850,4,359,390
851,1,324,321
851,2,396,315
851,3,369,352
851,4,357,387
852,1,322,321
852,2,397,314
852,3,367,351
852,4,354,386
853,1,322,322
853,2,397,315
853,3,367,353
853,4,355,385
854,1,324,322
854,2,400,316
854,3,370,354
854,4,356,386
855,1,326,323
855,2,403,318
855,3,372,356
855,4,358,388
856,1,331,325
856,2,407,320
856,3,376,361
856,4,360,392
857,1,336,327
857,2,412,326
857,3,381,366
857,4,365,394
858,1,337,327
858,2,415,326
858,3,382,367
858,4,364,398
859,1,338,328
859,2,415,329
859,3,382,368
859,4,365,400
860,1,338,328
860,2,412,331
860,3,383,369
860,4,366,400
861,1,338,328
861,2,416,329
861,3,383,369
861,4,363,403
862,1,339,329
862,2,416,331
862,3,382,370
862,4,364,404
863,1,339,329
863,2,417,331
863,3,383,371
863,4,364,404
864,1,339,329
864,2,417,331
864,3,383,371
864,4,363,405
865,1,340,328
865,2,418,331
865,3,384,371
865,4,365,403
866,1,340,328
866,2,418,331
866,3,386,371
866,4,365,403
867,1,341,329
867,2,419,332
867,3,386,371
867,4,366,405
868,1,342,329
868,2,418,333
868,3,386,372
868,4,365,406
869,1,343,330
869,2,420,335
869,3,388,374
869,4,366,408
870,1,344,332
870,2,419,337
870,3,390,377
870,4,369,408
871,1,345,334
871,2,421,340
871,3,392,381
871,4,369,411
872,1,346,335
872,2,422,341
872,3,393,382
872,4,370,411
873,1,347,335
873,2,422,340
873,3,394,382
873,4,370,412
874,1,347,335
874,2,422,340
874,3,394,382
874,4,371,412
875,1,347,334
875,2,422,340
875,3,395,382
875,4,371,411
876,1,347,334
876,2,422,340
876,3,395,382
876,4,371,413
877,1,347,334
877,2,424,339
877,3,394,381
877,4,370,413
878,1,347,334
878,2,425,339
878,3,394,381
878,4,370,413
879,1,347,334
879,2,425,339
879,3,395,381
879,4,369,413
880,1,347,334
880,2,425,339
880,3,395,381
880,4,371,415
881,1,347,334
881,2,425,339
881,3,395,381
881,4,371,415
882,1,347,334
882,2,425,339
882,3,394,380
882,4,370,413
883,1,347,333
883,2,425,338
883,3,394,380
883,4,369,413
884,1,347,332
884,2,424,339
884,3,394,379
884,4,369,412
885,1,346,331
885,2,423,339
885,3,393,378
885,4,369,411
886,1,346,330
886,2,423,338
886,3,392,377
886,4,368,407
887,1,346,332
887,2,423,340
887,3,393,379
887,4,368,409
888,1,346,334
888,2,422,343
888,3,393,382
888,4,369,413
889,1,346,338
889,2,422,345
889,3,395,387
889,4,369,416
890,1,346,342
890,2,426,349
890,3,398,393
890,4,368,420
891,1,344,347
891,2,425,355
891,3,399,399
891,4,371,426
892,1,344,348
892,2,425,356
892,3,399,401
892,4,371,428
893,1,344,349
893,2,425,356
893,3,399,401
893,4,371,428
894,1,344,349
894,2,425,356
894,3,399,401
894,4,371,428
895,1,344,349
895,2,425,356
895,3,399,401
895,4,372,429
896,1,344,349
896,2,425,356
896,3,399,401
896,4,371,428
897,1,344,349
897,2,423,356
897,3,398,401
897,4,370,427
898,1,343,349
898,2,422,356
898,3,399,401
898,4,369,428
899,1,343,349
899,2,422,356
899,3,398,400
899,4,370,427
900,1,344,349
900,2,422,356
900,3,397,400
900,4,371,429
901,1,344,349
901,2,422,356
901,3,399,400
901,4,372,428
902,1,344,349
902,2,422,356
902,3,399,400
902,4,372,427
903,1,344,349
903,2,422,356
903,3,399,400
903,4,372,428
904,1,343,348
904,2,422,355
904,3,398,400
904,4,371,425
905,1,343,347
905,2,422,354
905,3,397,399
905,4,371,425
906,1,343,345
906,2,418,352
906,3,397,396
906,4,367,423
907,1,344,330
907,2,420,336
907,3,390,377
907,4,377,407
908,1,344,330
908,2,420,336
908,3,390,377
908,4,377,407
909,1,344,330
909,2,420,336
909,3,390,377
909,4,377,407
910,1,344,330
910,2,420,336
910,3,390,377
910,4,377,407
911,1,344,330
911,2,420,336
911,3,390,377
911,4,377,407
912,1,344,330
912,2,420,336
912,3,384,352
912,4,377,407
913,1,344,330
913,2,420,336
913,3,383,353
913,4,377,407
914,1,344,330
914,2,420,336
914,3,383,353
914,4,377,407
915,1,344,330
915,2,420,336
915,3,382,353
915,4,377,407
916,1,344,330
916,2,420,336
916,3,383,354
916,4,377,407
917,1,344,330
917,2,420,336
917,3,382,354
917,4,377,407
918,1,344,330
918,2,420,336
918,3,383,355
918,4,377,407
919,1,344,330
919,2,420,336
919,3,383,355
919,4,377,407
920,1,344,330
920,2,420,336
920,3,383,355
920,4,377,407
921,1,344,330
921,2,420,336
921,3,383,355
921,4,377,407
922,1,344,330
922,2,420,336
922,3,383,355
922,4,377,407
923,1,344,330
923,2,420,336
923,3,383,355
923,4,377,407
924,1,344,330
924,2,420,336
924,3,383,355
924,4,377,407
925,1,344,330
925,2,420,336
925,3,383,355
925,4,377,407
926,1,344,330
926,2,420,336
926,3,383,355
926,4,377,407
927,1,351,334
927,2,424,330
927,3,391,373
927,4,374,404
928,1,344,330
928,2,420,336
928,3,385,372
928,4,377,407
929,1,20,45
929,2,37,25
929,3,45,37
929,4,45,37
930,1,8,36
930,2,22,6
930,3,385,370
930,4,36,22
931,1,25,37
931,2,31,25
931,3,45,37
931,4,45,37
932,1,8,36
932,2,22,6
932,3,385,371
932,4,36,22
933,1,22,45
933,2,37,32
933,3,45,37
933,4,45,37
934,1,8,36
934,2,22,6
934,3,384,371
934,4,36,22
935,1,20,45
935,2,37,27
935,3,45,37
935,4,45,37
936,1,8,36
936,2,22,6
936,3,385,370
936,4,36,22
937,1,17,45
937,2,37,30
937,3,45,37
937,4,45,37
938,1,8,36
938,2,22,6
938,3,385,370
938,4,36,22
939,1,348,333
939,2,421,331
939,3,384,370
939,4,366,402
940,1,351,334
940,2,420,331
940,3,384,371
940,4,367,405
941,1,350,334
941,2,420,331
941,3,384,371
941,4,367,405
942,1,347,333
942,2,420,331
942,3,384,371
942,4,367,405
943,1,347,333
943,2,421,330
943,3,385,374
943,4,368,402
944,1,347,333
944,2,420,330
944,3,385,374
944,4,367,401
945,1,347,333
945,2,420,330
945,3,386,373
945,4,368,403
946,1,347,333
946,2,420,330
946,3,386,373
946,4,368,403
947,1,347,333
947,2,420,330
947,3,386,373
947,4,367,401
948,1,349,334
948,2,419,331
948,3,385,372
948,4,368,403
949,1,347,333
949,2,420,331
949,3,385,374
949,4,369,401
950,1,345,332
950,2,420,329
950,3,385,374
950,4,369,401
951,1,345,332
951,2,420,329
951,3,385,374
951,4,368,403
952,1,345,332
952,2,420,329
952,3,385,374
952,4,368,403
953,1,345,332
953,2,420,329
953,3,385,374
953,4,368,403
954,1,346,332
954,2,420,330
954,3,385,374
954,4,367,400
955,1,346,332
955,2,420,330
955,3,385,374
955,4,367,400
956,1,345,332
956,2,421,329
956,3,385,374
956,4,369,400
957,1,345,332
957,2,421,329
957,3,385,374
957,4,369,400
958,1,345,332
958,2,421,329
958,3,385,374
958,4,367,404
959,1,345,332
959,2,421,329
959,3,385,374
959,4,367,404
960,1,345,332
960,2,424,331
960,3,385,374
960,4,367,404
961,1,346,332
961,2,425,331
961,3,386,374
961,4,367,404
962,1,348,333
962,2,423,332
962,3,386,374
962,4,367,404
963,1,345,332
963,2,424,331
963,3,386,374
963,4,367,404
964,1,344,332
964,2,422,328
964,3,386,374
964,4,369,402
965,1,344,332
965,2,422,328
965,3,386,374
965,4,368,400
966,1,344,332
966,2,422,328
966,3,386,374
966,4,367,400
967,1,344,332
967,2,421,329
967,3,386,374
967,4,368,400
968,1,344,332
968,2,422,329
968,3,386,374
968,4,368,400
969,1,344,332
969,2,422,329
969,3,385,374
969,4,367,405
970,1,344,332
970,2,422,329
970,3,385,374
970,4,368,403
971,1,344,332
971,2,422,329
971,3,386,374
971,4,369,403
972,1,344,332
972,2,422,329
972,3,386,374
972,4,369,403
973,1,344,332
973,2,422,329
973,3,385,374
973,4,369,401
974,1,346,332
974,2,421,330
974,3,385,374
974,4,369,402
975,1,345,332
975,2,421,330
975,3,386,374
975,4,369,402
976,1,344,332
976,2,424,330
976,3,386,374
976,4,369,401
977,1,344,332
977,2,425,330
977,3,386,374
977,4,366,400
978,1,344,332
978,2,423,330
978,3,386,374
978,4,366,399
979,1,344,332
979,2,423,330
979,3,386,374
979,4,366,399
980,1,344,332
980,2,422,331
980,3,386,374
980,4,366,402
981,1,345,332
981,2,423,332
981,3,386,374
981,4,368,401
982,1,345,332
982,2,423,333
982,3,386,374
982,4,368,403
983,1,344,332
983,2,421,331
983,3,386,374
983,4,369,403
984,1,344,332
984,2,423,331
984,3,386,374
984,4,368,402
985,1,344,332
985,2,423,331
985,3,386,374
985,4,366,401
986,1,344,332
986,2,423,331
986,3,386,374
986,4,366,401
987,1,344,332
987,2,421,328
987,3,386,374
987,4,366,401
988,1,345,332
988,2,424,327
988,3,386,374
988,4,366,401
989,1,345,332
989,2,421,328
989,3,386,374
989,4,365,404
990,1,344,332
990,2,424,330
990,3,386,374
990,4,365,404
991,1,344,332
991,2,424,329
991,3,386,374
991,4,365,404
992,1,344,332
992,2,423,330
992,3,386,374
992,4,365,404
993,1,344,332
993,2,423,330
993,3,386,374
993,4,365,404
994,1,345,332
994,2,422,331
994,3,386,374
994,4,368,399
995,1,344,332
995,2,426,331
995,3,386,374
995,4,368,402
996,1,344,332
996,2,423,330
996,3,386,374
996,4,368,402
997,1,344,332
997,2,424,330
997,3,386,374
997,4,368,400
998,1,344,332
998,2,423,331
998,3,387,374
998,4,368,400
999,1,344,332
999,2,423,331
999,3,386,374
999,4,368,400
1000,1,344,332
1000,2,423,331
1000,3,386,374
1000,4,368,404
1001,1,344,332
1001,2,424,332
1001,3,386,374
1001,4,368,401
1002,1,345,332
1002,2,423,333
1002,3,386,374
1002,4,366,403
1003,1,344,332
1003,2,422,332
1003,3,386,374
1003,4,367,401
1004,1,344,332
1004,2,422,334
1004,3,387,374
1004,4,369,401
1005,1,344,332
1005,2,422,330
1005,3,386,374
1005,4,369,403
1006,1,344,332
1006,2,422,330
1006,3,386,374
1006,4,369,403
1007,1,344,332
1007,2,422,330
1007,3,386,374
1007,4,369,403
1008,1,345,332
1008,2,421,331
1008,3,386,374
1008,4,369,402
1009,1,345,332
1009,2,421,330
1009,3,386,374
1009,4,369,402
1010,1,344,332
1010,2,424,330
1010,3,386,374
1010,4,369,402
1011,1,344,332
1011,2,422,331
1011,3,386,374
1011,4,369,402
1012,1,344,332
1012,2,422,331
1012,3,386,374
1012,4,369,402
1013,1,344,332
1013,2,422,331
1013,3,386,374
1013,4,369,402
1014,1,345,332
1014,2,422,332
1014,3,386,374
1014,4,369,402
1015,1,344,332
1015,2,423,332
1015,3,386,374
1015,4,369,402
1016,1,344,332
1016,2,422,333
1016,3,386,374
1016,4,369,402
1017,1,344,332
1017,2,422,330
1017,3,386,374
1017,4,369,402
1018,1,344,332
1018,2,422,330
1018,3,386,374
1018,4,368,401
1019,1,344,332
1019,2,422,330
1019,3,386,374
1019,4,367,400
1020,1,344,332
1020,2,422,330
1020,3,386,374
1020,4,369,399
1021,1,344,332
1021,2,423,327
1021,3,386,374
1021,4,369,399
1022,1,344,332
1022,2,424,330
1022,3,386,374
1022,4,366,403
1023,1,345,332
1023,2,422,331
1023,3,386,374
1023,4,365,399
1024,1,344,332
1024,2,422,330
1024,3,386,374
1024,4,368,400
1025,1,344,332
1025,2,421,328
1025,3,386,374
1025,4,368,400
1026,1,344,332
1026,2,423,329
1026,3,386,374
1026,4,367,404
1027,1,344,332
1027,2,422,330
1027,3,386,374
1027,4,367,404
1028,1,344,332
1028,2,422,330
1028,3,386,374
1028,4,367,404
1029,1,344,332
1029,2,425,329
1029,3,386,374
1029,4,367,404
1030,1,344,332
1030,2,423,330
1030,3,386,374
1030,4,365,405
1031,1,343,332
1031,2,423,329
1031,3,387,374
1031,4,369,401
1032,1,343,332
1032,2,422,329
1032,3,386,373
1032,4,369,401
1033,1,343,332
1033,2,422,329
1033,3,386,374
1033,4,369,401
1034,1,343,332
1034,2,421,330
1034,3,386,373
1034,4,370,403
1035,1,343,332
1035,2,422,329
1035,3,386,373
1035,4,368,403
1036,1,343,332
1036,2,422,328
1036,3,386,373
1036,4,368,403
1037,1,343,332
1037,2,422,328
1037,3,386,373
1037,4,368,403
1038,1,343,332
1038,2,422,328
1038,3,386,373
1038,4,368,403
1039,1,343,332
1039,2,423,330
1039,3,386,373
1039,4,368,403
1040,1,343,332
1040,2,422,330
1040,3,387,374
1040,4,365,401
1041,1,343,332
1041,2,421,331
1041,3,387,374
1041,4,368,397
1042,1,343,332
1042,2,421,332
1042,3,387,374
1042,4,368,400
1043,1,342,332
1043,2,423,328
1043,3,386,373
1043,4,368,400
1044,1,342,332
1044,2,422,333
1044,3,386,373
1044,4,365,399
1045,1,342,332
1045,2,420,329
1045,3,387,374
1045,4,367,402
1046,1,342,332
1046,2,420,329
1046,3,386,374
1046,4,367,402
1047,1,342,332
1047,2,420,329
1047,3,386,374
1047,4,369,398
1048,1,343,332
1048,2,420,330
1048,3,387,374
1048,4,369,398
1049,1,343,332
1049,2,420,330
1049,3,386,374
1049,4,369,402
1050,1,342,332
1050,2,421,329
1050,3,386,373
1050,4,369,402
1051,1,342,332
1051,2,421,329
1051,3,386,373
1051,4,369,400
1052,1,342,332
1052,2,421,329
1052,3,386,373
1052,4,369,402
1053,1,342,332
1053,2,421,329
1053,3,386,373
1053,4,369,402
1054,1,342,332
1054,2,421,329
1054,3,386,373
1054,4,369,400
1055,1,343,332
1055,2,421,330
1055,3,387,374
1055,4,369,400
1056,1,342,332
1056,2,422,329
1056,3,386,373
1056,4,368,404
1057,1,342,332
1057,2,421,330
1057,3,386,373
1057,4,364,402
1058,1,342,332
1058,2,421,330
1058,3,386,374
1058,4,367,398
1059,1,342,332
1059,2,422,330
1059,3,386,373
1059,4,367,401
1060,1,342,332
1060,2,423,329
1060,3,386,373
1060,4,367,401
1061,1,343,332
1061,2,423,330
1061,3,386,373
1061,4,367,401
1062,1,343,332
1062,2,420,330
1062,3,386,373
1062,4,367,401
1063,1,342,332
1063,2,419,330
1063,3,386,373
1063,4,367,401
1064,1,342,332
1064,2,420,329
1064,3,386,373
1064,4,367,401
1065,1,342,332
1065,2,420,329
1065,3,386,373
1065,4,367,401
1066,1,342,332
1066,2,420,329
1066,3,386,373
1066,4,367,401
1067,1,342,332
1067,2,420,329
1067,3,386,373
1067,4,367,401
1068,1,342,332
1068,2,420,329
1068,3,386,373
1068,4,367,401
1069,1,342,332
1069,2,420,330
1069,3,386,373
1069,4,367,401
1070,1,342,332
1070,2,421,330
1070,3,386,373
1070,4,369,400
1071,1,342,332
1071,2,421,330
1071,3,386,373
1071,4,369,400
1072,1,342,332
1072,2,424,330
1072,3,386,373
1072,4,368,399
1073,1,342,332
1073,2,424,331
1073,3,386,373
1073,4,365,402
1074,1,342,332
1074,2,423,329
1074,3,386,373
1074,4,367,400
1075,1,342,332
1075,2,422,330
1075,3,386,373
1075,4,367,400
1076,1,343,332
1076,2,421,331
1076,3,386,373
1076,4,364,402
1077,1,342,332
1077,2,420,330
1077,3,386,373
1077,4,366,399
1078,1,342,332
1078,2,420,330
1078,3,386,373
1078,4,367,402
1079,1,342,332
1079,2,420,330
1079,3,386,373
1079,4,367,402
1080,1,342,332
1080,2,420,330
1080,3,386,373
1080,4,368,401
1081,1,342,332
1081,2,420,331
1081,3,386,373
1081,4,367,400
1082,1,342,332
1082,2,420,332
1082,3,386,373
1082,4,369,401
1083,1,342,332
1083,2,422,330
1083,3,386,373
1083,4,369,403
1084,1,342,332
1084,2,421,330
1084,3,386,373
1084,4,367,403
1085,1,342,332
1085,2,421,330
1085,3,386,373
1085,4,369,399
1086,1,342,332
1086,2,421,330
1086,3,386,373
1086,4,368,402
1087,1,343,332
1087,2,421,331
1087,3,386,373
1087,4,368,402
1088,1,342,332
1088,2,422,331
1088,3,386,373
1088,4,368,402
1089,1,342,332
1089,2,422,331
1089,3,386,373
1089,4,364,399
1090,1,342,332
1090,2,421,329
1090,3,386,373
1090,4,365,401
1091,1,342,332
1091,2,421,328
1091,3,386,373
1091,4,365,401
1092,1,342,332
1092,2,419,327
1092,3,386,373
1092,4,365,401
1093,1,342,332
1093,2,419,327
1093,3,386,373
1093,4,365,401
1094,1,342,332
1094,2,419,327
1094,3,386,373
1094,4,365,401
1095,1,342,332
1095,2,419,327
1095,3,385,373
1095,4,368,399
1096,1,342,332
1096,2,419,327
1096,3,386,373
1096,4,368,399
1097,1,342,332
1097,2,419,327
1097,3,386,373
1097,4,368,402
1098,1,342,332
1098,2,419,327
1098,3,386,373
1098,4,368,402
1099,1,342,332
1099,2,419,327
1099,3,386,373
1099,4,368,402
1100,1,342,332
1100,2,419,327
1100,3,386,373
1100,4,368,402
1101,1,342,332
1101,2,419,327
1101,3,386,373
1101,4,368,402
1102,1,342,332
1102,2,419,327
1102,3,386,373
1102,4,369,400
1103,1,342,332
1103,2,418,327
1103,3,386,373
1103,4,369,400
1104,1,342,332
1104,2,418,327
1104,3,386,373
1104,4,369,403
1105,1,342,332
1105,2,419,327
1105,3,386,373
1105,4,368,401
1106,1,342,332
1106,2,419,327
1106,3,386,373
1106,4,369,401
1107,1,342,332
1107,2,419,327
1107,3,386,373
1107,4,370,401
1108,1,342,332
1108,2,419,327
1108,3,386,373
1108,4,369,401
1109,1,342,332
1109,2,421,329
1109,3,386,373
1109,4,370,401
1110,1,342,332
1110,2,421,329
1110,3,386,373
1110,4,366,401
1111,1,342,332
1111,2,421,329
1111,3,386,373
1111,4,366,401
1112,1,342,332
1112,2,421,329
1112,3,386,373
1112,4,366,401
1113,1,342,332
1113,2,421,329
1113,3,386,373
1113,4,366,401
1114,1,343,332
1114,2,421,330
1114,3,386,373
1114,4,366,401
1115,1,343,332
1115,2,422,330
1115,3,386,373
1115,4,366,401
1116,1,343,332
1116,2,423,330
1116,3,386,373
1116,4,366,401
1117,1,343,332
1117,2,422,331
1117,3,386,373
1117,4,366,401
1118,1,343,332
1118,2,422,331
1118,3,386,373
1118,4,366,401
1119,1,343,332
1119,2,422,331
1119,3,386,373
1119,4,368,402
1120,1,343,332
1120,2,420,330
1120,3,386,373
1120,4,367,399
1121,1,343,332
1121,2,421,329
1121,3,386,373
1121,4,367,399
1122,1,343,332
1122,2,421,329
1122,3,386,373
1122,4,367,399
1123,1,343,332
1123,2,421,330
1123,3,386,373
1123,4,367,399
1124,1,343,332
1124,2,421,331
1124,3,386,373
1124,4,371,402
1125,1,343,332
1125,2,420,328
1125,3,386,373
1125,4,371,402
1126,1,343,332
1126,2,422,329
1126,3,386,373
1126,4,369,402
1127,1,343,332
1127,2,422,329
1127,3,386,373
1127,4,369,400
1128,1,343,332
1128,2,423,330
1128,3,386,373
1128,4,369,400
1129,1,343,332
1129,2,423,330
1129,3,386,373
1129,4,365,403
1130,1,343,332
1130,2,423,330
1130,3,386,373
1130,4,366,400
1131,1,343,332
1131,2,423,330
1131,3,386,373
1131,4,367,399
1132,1,343,332
1132,2,422,330
1132,3,386,373
1132,4,366,398
1133,1,343,332
1133,2,422,330
1133,3,386,373
1133,4,367,396
1134,1,343,332
1134,2,422,330
1134,3,386,373
1134,4,370,399
1135,1,344,332
1135,2,422,331
1135,3,386,373
1135,4,370,399
1136,1,343,332
1136,2,422,330
1136,3,386,373
1136,4,369,402
1137,1,343,332
1137,2,423,330
1137,3,386,373
1137,4,369,402
1138,1,342,332
1138,2,423,327
1138,3,386,373
1138,4,369,402
1139,1,342,332
1139,2,424,329
1139,3,386,373
1139,4,368,402
1140,1,342,332
1140,2,424,329
1140,3,385,373
1140,4,366,399
1141,1,342,332
1141,2,424,329
1141,3,385,373
1141,4,366,399
1142,1,342,332
1142,2,424,329
1142,3,386,373
1142,4,365,405
1143,1,342,332
1143,2,427,331
1143,3,386,373
1143,4,365,405
1144,1,342,332
1144,2,421,330
1144,3,386,373
1144,4,365,405
1145,1,342,332
1145,2,420,331
1145,3,386,373
1145,4,367,401
1146,1,342,332
1146,2,420,331
1146,3,386,373
1146,4,367,401
1147,1,342,332
1147,2,420,331
1147,3,386,373
1147,4,367,401
1148,1,342,332
1148,2,421,330
1148,3,386,373
1148,4,369,400
1149,1,342,332
1149,2,421,330
1149,3,386,372
1149,4,369,400
1150,1,342,332
1150,2,424,330
1150,3,386,372
1150,4,368,401
1151,1,342,332
1151,2,424,329
1151,3,386,372
1151,4,368,401
1152,1,342,332
1152,2,422,329
1152,3,386,372
1152,4,368,401
1153,1,342,332
1153,2,422,328
1153,3,386,372
1153,4,368,401
1154,1,342,332
1154,2,422,328
1154,3,386,372
1154,4,365,403
1155,1,342,332
1155,2,423,330
1155,3,386,372
1155,4,365,403
1156,1,342,332
1156,2,423,330
1156,3,386,372
1156,4,366,400
1157,1,342,332
1157,2,423,330
1157,3,386,372
1157,4,366,400
1158,1,342,332
1158,2,423,325
1158,3,386,372
1158,4,366,400
1159,1,342,332
1159,2,425,329
1159,3,387,372
1159,4,367,399
1160,1,342,332
1160,2,423,328
1160,3,387,372
1160,4,367,397
1161,1,342,332
1161,2,418,328
1161,3,386,372
1161,4,367,397
1162,1,342,332
1162,2,420,328
1162,3,386,372
1162,4,367,402