0,1,0,0
0,2,0,0
0,3,0,0
0,4,0,0
1,1,343,233
1,2,422,244
1,3,380,280
1,4,353,315
2,1,338,236
2,2,412,245
2,3,372,284
2,4,345,311
3,1,327,242
3,2,403,247
3,3,361,290
3,4,338,314
4,1,318,226
4,2,393,250
4,3,352,299
4,4,338,314
5,1,301,242
5,2,388,262
5,3,341,316
5,4,338,314
6,1,301,264
6,2,385,264
6,3,347,311
6,4,325,345
7,1,302,264
7,2,388,264
7,3,349,315
7,4,326,343
8,1,301,265
8,2,387,264
8,3,349,315
8,4,326,343
9,1,307,267
9,2,388,265
9,3,346,313
9,4,326,344
10,1,311,267
10,2,393,269
10,3,351,314
10,4,328,346
11,1,315,266
11,2,396,267
11,3,355,316
11,4,332,346
QNetworkReplyImplPrivate::error: Internal problem, this method must only be called once.
12,1,316,266
12,2,399,269
12,3,357,318
12,4,333,344
13,1,318,265
13,2,402,266
13,3,357,318
13,4,332,345
14,1,316,265
14,2,397,267
14,3,355,316
14,4,330,346
15,1,314,265
15,2,394,267
15,3,355,315
15,4,330,345
16,1,314,268
16,2,396,266
16,3,357,315
16,4,331,346
17,1,315,268
17,2,398,265
17,3,357,314
17,4,334,347
18,1,318,268
18,2,403,266
18,3,360,314
18,4,336,345
19,1,318,268
19,2,401,266
19,3,360,316
19,4,337,345
20,1,317,268
20,2,401,265
20,3,358,316
20,4,336,346
21,1,318,267
21,2,401,263
21,3,358,315
21,4,336,343
22,1,322,265
22,2,407,265
22,3,363,313
22,4,339,343
23,1,325,261
23,2,407,263
23,3,366,312
23,4,340,341
24,1,325,260
24,2,407,263
24,3,363,310
24,4,338,339
25,1,323,260
25,2,406,263
25,3,362,312
25,4,337,341
26,1,317,264
26,2,397,266
26,3,353,314
26,4,333,344
27,1,316,266
27,2,393,266
27,3,351,314
27,4,331,345
28,1,316,266
28,2,393,266
28,3,351,314
28,4,331,345
29,1,316,266
29,2,393,266
29,3,351,314
29,4,331,345
30,1,316,266
30,2,393,266
30,3,351,314
30,4,331,345
31,1,314,269
31,2,396,268
31,3,353,316
31,4,334,350
32,1,315,269
32,2,399,269
32,3,355,317
32,4,336,354
33,1,319,268
33,2,400,269
33,3,355,316
33,4,337,352
34,1,319,268
34,2,400,269
34,3,355,316
34,4,337,352
35,1,319,268
35,2,400,269
35,3,355,316
35,4,337,352
36,1,316,268
36,2,401,268
36,3,356,316
36,4,337,352
37,1,318,268
37,2,402,268
37,3,357,316
37,4,336,352
38,1,318,267
38,2,403,268
38,3,357,317
38,4,337,351
39,1,317,267
39,2,403,268
39,3,358,316
39,4,338,351
40,1,317,267
40,2,403,268
40,3,358,316
40,4,338,351
41,1,317,267
41,2,403,268
41,3,358,316
41,4,338,351
42,1,317,267
42,2,403,268
42,3,358,316
42,4,338,351
43,1,317,267
43,2,403,268
43,3,358,316
43,4,338,351
44,1,317,267
44,2,403,268
44,3,358,316
44,4,338,351
45,1,317,267
45,2,403,268
45,3,358,316
45,4,338,351
46,1,317,267
46,2,403,268
46,3,358,316
46,4,338,351
47,1,317,267
47,2,403,268
47,3,358,316
47,4,338,351
48,1,320,267
48,2,403,269
48,3,359,315
48,4,337,350
49,1,320,267
49,2,403,269
49,3,359,315
49,4,336,349
50,1,320,267
50,2,403,269
50,3,360,315
50,4,336,349
51,1,320,267
51,2,403,269
51,3,359,314
51,4,335,347
52,1,320,267
52,2,403,267
52,3,360,316
52,4,335,347
53,1,320,267
53,2,403,269
53,3,360,316
53,4,335,347
54,1,320,267
54,2,403,269
54,3,360,316
54,4,336,350
55,1,320,267
55,2,403,269
55,3,360,316
55,4,336,350
56,1,320,267
56,2,403,269
56,3,360,316
56,4,336,350
57,1,320,267
57,2,403,269
57,3,360,316
57,4,336,347
58,1,320,267
58,2,403,269
58,3,361,316
58,4,336,348
59,1,320,267
59,2,403,269
59,3,359,316
59,4,336,348
60,1,320,267
60,2,403,269
60,3,359,316
60,4,337,348
61,1,320,267
61,2,403,269
61,3,359,316
61,4,338,346
62,1,320,267
62,2,402,269
62,3,360,318
62,4,338,347
63,1,320,267
63,2,403,267
63,3,358,317
63,4,338,347
64,1,320,267
64,2,403,267
64,3,359,317
64,4,337,349
65,1,320,267
65,2,405,269
65,3,360,317
65,4,338,349
66,1,320,267
66,2,405,269
66,3,360,317
66,4,338,349
67,1,320,267
67,2,404,268
67,3,360,317
67,4,337,346
68,1,320,267
68,2,403,269
68,3,360,317
68,4,337,346
69,1,320,267
69,2,403,269
69,3,360,317
69,4,337,347
70,1,320,267
70,2,403,269
70,3,360,317
70,4,337,347
71,1,320,267
71,2,403,269
71,3,360,317
71,4,337,348
72,1,320,267
72,2,403,269
72,3,360,317
72,4,337,348
73,1,320,267
73,2,403,269
73,3,360,317
73,4,337,347
74,1,320,267
74,2,403,269
74,3,360,317
74,4,337,347
75,1,320,267
75,2,403,269
75,3,360,316
75,4,337,347
76,1,320,267
76,2,403,269
76,3,359,317
76,4,337,348
77,1,320,267
77,2,403,269
77,3,359,317
77,4,337,348
78,1,320,267
78,2,403,269
78,3,359,317
78,4,339,347
79,1,320,267
79,2,403,269
79,3,359,317
79,4,339,347
80,1,320,267
80,2,403,269
80,3,359,317
80,4,338,348
81,1,320,267
81,2,403,269
81,3,359,317
81,4,338,348
82,1,320,267
82,2,403,269
82,3,359,317
82,4,337,347
83,1,320,267
83,2,403,269
83,3,359,317
83,4,337,347
84,1,320,267
84,2,403,269
84,3,359,317
84,4,337,347
85,1,320,267
85,2,403,269
85,3,359,317
85,4,337,347
86,1,320,267
86,2,403,269
86,3,359,316
86,4,337,347
87,1,320,267
87,2,403,269
87,3,359,316
87,4,337,347
88,1,320,267
88,2,403,269
88,3,359,316
88,4,337,347
89,1,320,267
89,2,403,269
89,3,359,316
89,4,338,347
90,1,320,267
90,2,403,269
90,3,359,316
90,4,338,347
91,1,320,267
91,2,403,269
91,3,359,316
91,4,338,347
92,1,320,267
92,2,403,269
92,3,359,316
92,4,338,347
93,1,320,267
93,2,403,269
93,3,360,316
93,4,338,347
94,1,320,267
94,2,403,269
94,3,359,316
94,4,338,347
95,1,320,267
95,2,403,269
95,3,359,316
95,4,338,347
96,1,320,267
96,2,403,269
96,3,360,316
96,4,338,347
97,1,320,267
97,2,403,269
97,3,360,317
97,4,338,347
98,1,320,267
98,2,403,269
98,3,360,317
98,4,338,347
99,1,320,267
99,2,403,269
99,3,360,317
99,4,338,347
100,1,320,267
100,2,403,269
100,3,359,317
100,4,338,347
101,1,320,267
101,2,403,269
101,3,360,317
101,4,338,347
102,1,320,267
102,2,403,269
102,3,360,317
102,4,338,347
103,1,320,267
103,2,403,269
103,3,360,317
103,4,338,347
104,1,320,267
104,2,403,269
104,3,359,317
104,4,336,348
105,1,320,267
105,2,403,269
105,3,360,317
105,4,336,348
106,1,320,267
106,2,403,269
106,3,359,317
106,4,336,348
107,1,320,266
107,2,404,269
107,3,358,317
107,4,338,346
108,1,319,265
108,2,404,266
108,3,359,315
108,4,339,351
109,1,319,264
109,2,401,264
109,3,359,315
109,4,341,349
110,1,319,264
110,2,404,266
110,3,360,315
110,4,342,353
111,1,319,264
111,2,404,266
111,3,360,315
111,4,339,353
112,1,319,264
112,2,404,266
112,3,359,315
112,4,340,355
113,1,319,264
113,2,404,266
113,3,359,315
113,4,338,354
114,1,319,264
114,2,404,266
114,3,360,315
114,4,339,349
115,1,319,264
115,2,404,266
115,3,360,315
115,4,339,349
116,1,319,264
116,2,402,266
116,3,359,314
116,4,339,349
117,1,319,264
117,2,400,265
117,3,361,315
117,4,339,349
118,1,319,264
118,2,400,265
118,3,360,315
118,4,339,349
119,1,322,260
119,2,402,265
119,3,358,313
119,4,339,349
120,1,322,260
120,2,402,265
120,3,358,313
120,4,339,349
121,1,322,260
121,2,402,265
121,3,358,313
121,4,339,349
122,1,322,260
122,2,402,265
122,3,358,313
122,4,339,349
123,1,322,260
123,2,402,265
123,3,358,313
123,4,339,349
124,1,322,260
124,2,402,265
124,3,358,313
124,4,339,349
125,1,322,260
125,2,402,265
125,3,358,313
125,4,339,349
126,1,322,260
126,2,402,265
126,3,358,313
126,4,339,349
127,1,322,260
127,2,402,265
127,3,358,313
127,4,339,349
128,1,322,260
128,2,402,265
128,3,358,313
128,4,340,355
129,1,322,260
129,2,402,265
129,3,358,313
129,4,340,355
130,1,322,260
130,2,402,265
130,3,358,313
130,4,338,354
131,1,322,260
131,2,402,265
131,3,358,313
131,4,339,354
132,1,322,260
132,2,403,265
132,3,358,313
132,4,340,359
133,1,322,260
133,2,403,265
133,3,355,313
133,4,340,359
134,1,322,260
134,2,403,265
134,3,355,313
134,4,340,359
135,1,322,260
135,2,403,265
135,3,355,313
135,4,340,359
136,1,322,260
136,2,403,265
136,3,355,313
136,4,340,359
137,1,322,260
137,2,403,263
137,3,357,314
137,4,340,359
138,1,322,260
138,2,401,264
138,3,358,312
138,4,340,359
139,1,322,260
139,2,401,265
139,3,358,312
139,4,340,359
140,1,322,260
140,2,401,265
140,3,358,312
140,4,340,359
141,1,322,260
141,2,401,265
141,3,358,312
141,4,340,359
142,1,322,260
142,2,403,264
142,3,359,312
142,4,340,359
143,1,322,260
143,2,403,264
143,3,359,312
143,4,340,359
144,1,322,260
144,2,403,264
144,3,356,312
144,4,340,359
145,1,322,260
145,2,401,265
145,3,356,312
145,4,340,359
146,1,322,260
146,2,401,266
146,3,355,313
146,4,340,359
147,1,322,260
147,2,403,265
147,3,355,313
147,4,340,359
148,1,322,260
148,2,403,265
148,3,355,313
148,4,340,359
149,1,322,260
149,2,403,265
149,3,355,313
149,4,340,359
150,1,322,260
150,2,403,265
150,3,355,313
150,4,340,359
151,1,322,260
151,2,403,265
151,3,356,314
151,4,340,359
152,1,324,260
152,2,400,263
152,3,356,314
152,4,340,359
153,1,324,262
153,2,400,265
153,3,356,314
153,4,340,359
154,1,324,262
154,2,398,265
154,3,356,312
154,4,340,359
155,1,324,262
155,2,398,265
155,3,356,312
155,4,340,359
156,1,324,262
156,2,398,265
156,3,358,311
156,4,340,359
157,1,324,262
157,2,398,265
157,3,358,311
157,4,340,359
158,1,324,262
158,2,398,265
158,3,357,311
158,4,340,359
159,1,321,264
159,2,398,265
159,3,356,311
159,4,340,359
160,1,321,264
160,2,401,265
160,3,357,313
160,4,340,359
161,1,321,264
161,2,399,265
161,3,357,313
161,4,340,359
162,1,321,264
162,2,400,266
162,3,358,313
162,4,340,359
163,1,321,264
163,2,400,267
163,3,358,313
163,4,340,359
164,1,316,261
164,2,400,267
164,3,358,314
164,4,340,359
165,1,316,261
165,2,400,267
165,3,355,312
165,4,340,359
166,1,316,261
166,2,401,265
166,3,355,312
166,4,340,359
167,1,316,261
167,2,402,267
167,3,356,312
167,4,340,359
168,1,316,261
168,2,402,267
168,3,356,312
168,4,340,359
169,1,316,261
169,2,402,267
169,3,356,312
169,4,340,359
170,1,316,261
170,2,402,267
170,3,356,312
170,4,340,359
171,1,316,261
171,2,402,267
171,3,356,312
171,4,340,359
172,1,316,261
172,2,402,267
172,3,356,312
172,4,335,358
173,1,316,261
173,2,402,267
173,3,356,312
173,4,336,352
174,1,316,261
174,2,402,267
174,3,355,312
174,4,335,349
175,1,316,261
175,2,402,267
175,3,356,314
175,4,336,349
176,1,316,261
176,2,402,267
176,3,356,314
176,4,334,347
177,1,316,261
177,2,402,267
177,3,355,314
177,4,333,345
178,1,316,261
178,2,402,267
178,3,354,314
178,4,334,345
179,1,316,261
179,2,402,267
179,3,354,314
179,4,334,343
180,1,316,261
180,2,402,267
180,3,354,314
180,4,333,343
181,1,316,261
181,2,402,267
181,3,354,314
181,4,334,345
182,1,316,261
182,2,402,267
182,3,353,316
182,4,333,345
183,1,316,261
183,2,402,267
183,3,352,314
183,4,334,345
184,1,316,261
184,2,402,267
184,3,351,314
184,4,333,345
185,1,316,261
185,2,402,267
185,3,351,314
185,4,334,345
186,1,316,261
186,2,402,267
186,3,351,314
186,4,334,343
187,1,316,261
187,2,402,267
187,3,350,316
187,4,333,343
188,1,316,261
188,2,402,267
188,3,349,314
188,4,333,343
189,1,316,261
189,2,402,267
189,3,348,314
189,4,334,343
190,1,316,261
190,2,402,267
190,3,347,314
190,4,334,343
191,1,315,261
191,2,401,267
191,3,346,314
191,4,332,343
192,1,315,261
192,2,401,267
192,3,346,315
192,4,331,345
193,1,315,261
193,2,402,267
193,3,346,314
193,4,333,343
194,1,315,261
194,2,402,267
194,3,346,314
194,4,334,345
195,1,314,261
195,2,402,267
195,3,345,314
195,4,332,343
196,1,313,261
196,2,402,267
196,3,345,314
196,4,332,343
197,1,314,261
197,2,401,267
197,3,345,314
197,4,330,343
198,1,316,262
198,2,401,268
198,3,345,314
198,4,329,343
199,1,319,263
199,2,398,267
199,3,345,314
199,4,330,345
200,1,318,263
200,2,395,263
200,3,353,313
200,4,332,346
201,1,318,263
201,2,397,263
201,3,353,313
201,4,335,346
202,1,319,263
202,2,398,264
202,3,354,315
202,4,336,348
203,1,319,263
203,2,394,265
203,3,354,315
203,4,334,347
204,1,319,263
204,2,395,264
204,3,354,315
204,4,335,346
205,1,319,265
205,2,395,266
205,3,353,315
205,4,337,348
206,1,318,265
206,2,395,266
206,3,353,315
206,4,337,348
207,1,317,265
207,2,394,266
207,3,353,315
207,4,336,349
208,1,317,265
208,2,396,264
208,3,354,316
208,4,334,352
209,1,317,265
209,2,397,267
209,3,354,316
209,4,337,350
210,1,317,265
210,2,395,267
210,3,354,316
210,4,335,352
211,1,317,265
211,2,396,267
211,3,354,316
211,4,335,352
212,1,317,265
212,2,397,266
212,3,352,314
212,4,335,352
213,1,317,265
213,2,395,267
213,3,353,315
213,4,335,352
214,1,317,265
214,2,394,266
214,3,351,317
214,4,335,352
215,1,317,265
215,2,397,266
215,3,352,314
215,4,335,352
216,1,317,265
216,2,394,266
216,3,353,314
216,4,335,352
217,1,317,265
217,2,395,266
217,3,354,313
217,4,335,352
218,1,317,265
218,2,399,265
218,3,354,313
218,4,335,352
219,1,317,265
219,2,399,263
219,3,354,313
219,4,335,352
220,1,317,265
220,2,396,267
220,3,354,313
220,4,335,352
221,1,317,265
221,2,397,266
221,3,354,313
221,4,335,352
222,1,317,265
222,2,397,264
222,3,353,313
222,4,335,352
223,1,317,265
223,2,395,266
223,3,353,313
223,4,335,352
224,1,317,265
224,2,395,265
224,3,353,313
224,4,335,352
225,1,317,265
225,2,397,267
225,3,353,316
225,4,335,352
226,1,317,265
226,2,394,266
226,3,352,313
226,4,335,352
227,1,317,265
227,2,397,268
227,3,352,315
227,4,335,352
228,1,317,265
228,2,396,265
228,3,352,315
228,4,335,352
229,1,317,265
229,2,397,268
229,3,354,316
229,4,335,352
230,1,317,265
230,2,396,263
230,3,354,316
230,4,335,352
231,1,317,266
231,2,397,267
231,3,354,315
231,4,335,352
232,1,317,262
232,2,396,264
232,3,353,316
232,4,335,352
233,1,317,262
233,2,396,267
233,3,352,312
233,4,335,352
234,1,317,262
234,2,397,264
234,3,352,312
234,4,335,352
235,1,315,261
235,2,397,264
235,3,352,313
235,4,335,352
236,1,315,261
236,2,398,266
236,3,353,313
236,4,335,352
237,1,315,261
237,2,396,265
237,3,352,313
237,4,335,352
238,1,315,261
238,2,394,265
238,3,352,313
238,4,335,352
239,1,315,261
239,2,392,265
239,3,352,313
239,4,335,352
240,1,315,261
240,2,397,265
240,3,352,313
240,4,335,352
241,1,315,261
241,2,396,266
241,3,352,313
241,4,335,352
242,1,315,261
242,2,395,265
242,3,352,314
242,4,332,355
243,1,315,261
243,2,396,265
243,3,352,316
243,4,331,353
244,1,316,261
244,2,396,266
244,3,353,316
244,4,335,350
245,1,316,261
245,2,396,265
245,3,354,315
245,4,332,344
246,1,316,261
246,2,396,266
246,3,353,313
246,4,332,342
247,1,316,261
247,2,397,262
247,3,354,313
247,4,331,339
248,1,318,262
248,2,398,262
248,3,354,314
248,4,334,340
249,1,317,264
249,2,399,264
249,3,355,315
249,4,334,340
250,1,314,265
250,2,399,269
250,3,355,317
250,4,334,340
251,1,313,267
251,2,397,269
251,3,354,320
251,4,334,346
252,1,315,272
252,2,396,271
252,3,354,319
252,4,336,348
253,1,314,273
253,2,393,271
253,3,351,320
253,4,335,347
254,1,314,274
254,2,394,273
254,3,351,321
254,4,335,346
255,1,314,274
255,2,395,274
255,3,352,324
255,4,335,346
256,1,314,274
256,2,395,271
256,3,351,323
256,4,333,353
257,1,313,273
257,2,395,271
257,3,355,323
257,4,335,349
258,1,313,273
258,2,394,270
258,3,355,323
258,4,334,350
259,1,312,273
259,2,395,274
259,3,355,323
259,4,336,347
260,1,312,273
260,2,398,271
260,3,355,323
260,4,332,348
261,1,312,273
261,2,398,268
261,3,356,321
261,4,334,350
262,1,310,272
262,2,393,274
262,3,355,320
262,4,336,348
263,1,309,272
263,2,398,273
263,3,356,323
263,4,333,348
264,1,312,274
264,2,395,274
264,3,351,322
264,4,334,353
265,1,310,274
265,2,395,269
265,3,352,325
265,4,334,353
266,1,309,274
266,2,395,274
266,3,350,324
266,4,332,354
267,1,310,274
267,2,396,269
267,3,350,324
267,4,332,354
268,1,310,274
268,2,396,271
268,3,351,324
268,4,335,354
269,1,310,274
269,2,394,273
269,3,354,326
269,4,333,354
270,1,310,274
270,2,394,275
270,3,355,326
270,4,334,353
271,1,310,274
271,2,393,275
271,3,353,325
271,4,331,355
272,1,310,274
272,2,396,267
272,3,353,325
272,4,330,357
273,1,311,273
273,2,394,273
273,3,351,321
273,4,332,355
274,1,311,273
274,2,392,273
274,3,351,321
274,4,331,355
275,1,311,273
275,2,392,273
275,3,351,321
275,4,331,355
276,1,312,274
276,2,395,273
276,3,350,320
276,4,332,354
277,1,312,274
277,2,394,273
277,3,351,323
277,4,331,351
278,1,313,274
278,2,391,274
278,3,351,325
278,4,332,354
279,1,312,272
279,2,396,273
279,3,350,321
279,4,331,355
280,1,312,272
280,2,394,269
280,3,351,325
280,4,331,354
281,1,311,270
281,2,395,273
281,3,351,320
281,4,331,354
282,1,311,270
282,2,395,272
282,3,351,321
282,4,331,353
283,1,311,270
283,2,390,273
283,3,350,323
283,4,330,352
284,1,309,270
284,2,393,270
284,3,350,323
284,4,332,353
285,1,308,270
285,2,391,276
285,3,350,324
285,4,332,353
286,1,308,270
286,2,391,276
286,3,350,324
286,4,332,353
287,1,308,270
287,2,391,276
287,3,350,324
287,4,332,353
288,1,311,272
288,2,393,272
288,3,351,320
288,4,330,355
289,1,311,272
289,2,393,272
289,3,351,320
289,4,330,355
290,1,311,272
290,2,393,272
290,3,351,320
290,4,330,355
291,1,311,272
291,2,393,272
291,3,351,320
291,4,330,355
292,1,311,272
292,2,393,272
292,3,351,320
292,4,330,355
293,1,311,272
293,2,393,272
293,3,351,320
293,4,330,355
294,1,311,272
294,2,393,272
294,3,351,320
294,4,330,355
295,1,311,272
295,2,393,272
295,3,351,320
295,4,330,355
296,1,311,272
296,2,393,272
296,3,351,320
296,4,330,355
297,1,311,272
297,2,393,272
297,3,351,320
297,4,330,355
298,1,311,272
298,2,393,272
298,3,351,320
298,4,330,355
299,1,311,272
299,2,393,272
299,3,351,320
299,4,330,355
300,1,311,272
300,2,393,272
300,3,351,320
300,4,330,355
301,1,311,272
301,2,393,272
301,3,351,320
301,4,330,355
302,1,311,272
302,2,393,272
302,3,351,320
302,4,330,355
303,1,311,272
303,2,393,272
303,3,351,320
303,4,330,355
304,1,311,272
304,2,393,272
304,3,351,320
304,4,330,355
305,1,317,267
305,2,403,268
305,3,358,316
305,4,338,351
306,1,317,267
306,2,403,268
306,3,358,316
306,4,338,351
307,1,317,267
307,2,403,268
307,3,358,316
307,4,338,351
308,1,311,270
308,2,394,270
308,3,349,319
308,4,330,354
309,1,311,270
309,2,394,270
309,3,349,319
309,4,331,354
310,1,311,270
310,2,394,270
310,3,351,324
310,4,331,353
311,1,311,270
311,2,394,270
311,3,351,324
311,4,331,354
312,1,311,270
312,2,393,273
312,3,351,324
312,4,330,353
313,1,311,270
313,2,394,275
313,3,350,322
313,4,331,353
314,1,311,270
314,2,394,275
314,3,350,322
314,4,331,353
315,1,311,270
315,2,394,275
315,3,350,322
315,4,331,353
316,1,311,270
316,2,394,275
316,3,347,322
316,4,331,353
317,1,311,270
317,2,394,275
317,3,347,322
317,4,330,352
318,1,311,270
318,2,394,275
318,3,347,322
318,4,330,352
319,1,311,270
319,2,394,275
319,3,349,320
319,4,329,351
320,1,311,270
320,2,394,275
320,3,349,320
320,4,329,351
321,1,311,270
321,2,394,275
321,3,349,320
321,4,331,353
322,1,311,270
322,2,394,275
322,3,349,320
322,4,332,353
323,1,311,270
323,2,394,275
323,3,349,320
323,4,330,352
324,1,311,270
324,2,394,275
324,3,349,320
324,4,331,352
325,1,311,270
325,2,394,275
325,3,349,320
325,4,331,352
326,1,311,270
326,2,394,275
326,3,349,320
326,4,331,352
327,1,311,270
327,2,394,275
327,3,349,321
327,4,332,352
328,1,311,270
328,2,394,275
328,3,349,321
328,4,331,353
329,1,311,270
329,2,394,275
329,3,348,321
329,4,330,354
330,1,311,270
330,2,394,275
330,3,348,321
330,4,331,355
331,1,311,270
331,2,394,275
331,3,346,322
331,4,331,356
332,1,311,270
332,2,394,275
332,3,346,322
332,4,331,355
333,1,311,270
333,2,394,275
333,3,346,322
333,4,333,358
334,1,311,270
334,2,394,275
334,3,346,322
334,4,334,358
335,1,311,270
335,2,394,274
335,3,349,321
335,4,332,362
336,1,311,270
336,2,394,274
336,3,349,321
336,4,332,362
337,1,311,270
337,2,394,274
337,3,350,321
337,4,332,362
338,1,311,270
338,2,394,274
338,3,348,320
338,4,332,362
339,1,311,270
339,2,394,274
339,3,347,319
339,4,332,362
340,1,311,270
340,2,394,274
340,3,349,319
340,4,332,362
341,1,311,270
341,2,394,274
341,3,349,319
341,4,332,362
342,1,311,270
342,2,394,274
342,3,350,320
342,4,332,362
343,1,311,270
343,2,394,274
343,3,350,320
343,4,332,362
344,1,311,270
344,2,394,274
344,3,350,320
344,4,332,362
345,1,311,270
345,2,394,274
345,3,350,320
345,4,332,362
346,1,311,270
346,2,394,274
346,3,350,320
346,4,332,362
347,1,311,270
347,2,394,274
347,3,350,320
347,4,332,362
348,1,311,270
348,2,394,274
348,3,349,320
348,4,332,362
349,1,311,270
349,2,394,274
349,3,349,320
349,4,332,362
350,1,311,270
350,2,394,274
350,3,349,320
350,4,332,362
351,1,311,270
351,2,394,274
351,3,349,320
351,4,332,362
352,1,312,270
352,2,395,274
352,3,348,317
352,4,332,362
353,1,312,270
353,2,395,274
353,3,348,317
353,4,332,362
354,1,312,270
354,2,395,274
354,3,347,320
354,4,332,362
355,1,312,270
355,2,393,271
355,3,349,319
355,4,332,362
356,1,312,270
356,2,392,269
356,3,349,319
356,4,332,362
357,1,312,270
357,2,394,271
357,3,350,321
357,4,332,362
358,1,312,270
358,2,392,271
358,3,350,321
358,4,332,362
359,1,312,270
359,2,392,271
359,3,351,321
359,4,332,362
360,1,312,270
360,2,392,271
360,3,350,320
360,4,332,362
361,1,312,270
361,2,392,271
361,3,350,320
361,4,332,362
362,1,311,270
362,2,392,271
362,3,351,321
362,4,332,362
363,1,311,270
363,2,391,271
363,3,351,321
363,4,332,362
364,1,311,270
364,2,391,271
364,3,350,320
364,4,332,362
365,1,311,270
365,2,389,272
365,3,349,320
365,4,332,362
366,1,311,270
366,2,390,274
366,3,349,322
366,4,332,362
367,1,311,270
367,2,390,274
367,3,349,319
367,4,332,362
368,1,311,270
368,2,390,274
368,3,349,319
368,4,332,362
369,1,311,270
369,2,390,274
369,3,348,318
369,4,332,362
370,1,311,270
370,2,390,274
370,3,347,319
370,4,329,358
371,1,311,270
371,2,390,274
371,3,347,319
371,4,330,352
372,1,311,270
372,2,390,274
372,3,350,321
372,4,328,351
373,1,311,270
373,2,390,274
373,3,349,322
373,4,327,349
374,1,311,270
374,2,390,274
374,3,347,318
374,4,328,351
375,1,311,270
375,2,390,274
375,3,347,318
375,4,327,348
376,1,311,270
376,2,390,274
376,3,348,319
376,4,329,350
377,1,312,271
377,2,390,275
377,3,347,321
377,4,328,351
378,1,313,272
378,2,390,276
378,3,350,321
378,4,329,350
379,1,313,272
379,2,390,276
379,3,350,321
379,4,329,350
380,1,308,269
380,2,393,269
380,3,348,318
380,4,328,353
381,1,308,270
381,2,394,271
381,3,348,319
381,4,328,353
382,1,309,269
382,2,393,270
382,3,348,317
382,4,329,352
383,1,309,269
383,2,393,270
383,3,349,318
383,4,329,352
384,1,310,270
384,2,394,270
384,3,348,317
384,4,329,353
385,1,311,269
385,2,394,270
385,3,349,317
385,4,329,352
386,1,308,268
386,2,393,268
386,3,348,318
386,4,329,352
387,1,308,268
387,2,393,268
387,3,348,318
387,4,329,352
388,1,308,268
388,2,393,268
388,3,348,318
388,4,329,352
389,1,308,268
389,2,393,268
389,3,348,318
389,4,329,352
390,1,308,268
390,2,393,268
390,3,348,318
390,4,329,352
391,1,308,268
391,2,393,268
391,3,348,318
391,4,329,352
392,1,308,268
392,2,393,268
392,3,348,318
392,4,329,352
393,1,308,268
393,2,393,268
393,3,348,318
393,4,329,352
394,1,308,268
394,2,393,268
394,3,348,318
394,4,329,352
395,1,308,268
395,2,393,268
395,3,348,318
395,4,329,352
396,1,308,270
396,2,391,267
396,3,347,314
396,4,328,352
397,1,308,270
397,2,390,273
397,3,346,319
397,4,328,352
398,1,308,270
398,2,390,273
398,3,346,319
398,4,328,352
399,1,308,270
399,2,390,273
399,3,346,321
399,4,326,349
400,1,308,270
400,2,390,273
400,3,346,320
400,4,326,348
401,1,308,270
401,2,390,273
401,3,346,319
401,4,328,350
402,1,308,270
402,2,390,273
402,3,346,318
402,4,326,348
403,1,308,270
403,2,390,273
403,3,346,318
403,4,326,348
404,1,308,270
404,2,390,273
404,3,346,318
404,4,326,349
405,1,308,270
405,2,390,273
405,3,348,320
405,4,326,349
406,1,308,270
406,2,390,273
406,3,348,320
406,4,326,349
407,1,308,270
407,2,390,273
407,3,348,320
407,4,327,351
408,1,308,270
408,2,390,273
408,3,348,320
408,4,327,351
409,1,308,270
409,2,390,273
409,3,346,319
409,4,327,351
410,1,308,270
410,2,390,273
410,3,346,319
410,4,327,351
411,1,308,270
411,2,390,273
411,3,346,320
411,4,329,351
412,1,308,270
412,2,390,273
412,3,346,318
412,4,329,351
413,1,308,270
413,2,390,273
413,3,346,319
413,4,329,351
414,1,308,270
414,2,390,273
414,3,346,319
414,4,329,351
415,1,308,270
415,2,390,273
415,3,346,318
415,4,327,351
416,1,308,270
416,2,390,273
416,3,346,319
416,4,328,351
417,1,308,270
417,2,390,273
417,3,348,319
417,4,328,351
418,1,308,270
418,2,390,273
418,3,348,319
418,4,326,350
419,1,308,270
419,2,390,273
419,3,348,319
419,4,327,350
420,1,308,270
420,2,390,273
420,3,348,319
420,4,327,350
421,1,308,270
421,2,390,273
421,3,348,319
421,4,327,350
422,1,308,270
422,2,390,273
422,3,347,318
422,4,328,350
423,1,308,270
423,2,390,273
423,3,347,318
423,4,328,350
424,1,308,270
424,2,390,273
424,3,347,318
424,4,327,353
425,1,308,270
425,2,390,273
425,3,347,318
425,4,330,358
426,1,308,270
426,2,390,273
426,3,347,318
426,4,330,357
427,1,308,270
427,2,390,273
427,3,346,317
427,4,330,357
428,1,308,270
428,2,389,270
428,3,347,317
428,4,330,357
429,1,308,270
429,2,389,270
429,3,348,318
429,4,330,357
430,1,308,270
430,2,389,270
430,3,348,318
430,4,330,357
431,1,308,270
431,2,389,270
431,3,349,318
431,4,330,357
432,1,308,270
432,2,390,269
432,3,349,318
432,4,330,357
433,1,308,270
433,2,388,268
433,3,349,318
433,4,330,357
434,1,308,270
434,2,389,267
434,3,349,318
434,4,330,357
435,1,308,270
435,2,389,268
435,3,350,318
435,4,330,357
436,1,308,270
436,2,388,268
436,3,349,318
436,4,330,357
437,1,308,270
437,2,390,269
437,3,350,318
437,4,330,357
438,1,308,270
438,2,390,269
438,3,350,318
438,4,330,357
439,1,308,270
439,2,390,269
439,3,350,318
439,4,330,357
440,1,308,270
440,2,390,269
440,3,350,318
440,4,330,357
441,1,308,270
441,2,390,269
441,3,350,318
441,4,330,357
442,1,308,270
442,2,390,269
442,3,350,318
442,4,330,357
443,1,308,270
443,2,389,270
443,3,350,318
443,4,330,357
444,1,308,270
444,2,389,270
444,3,348,318
444,4,330,357
445,1,308,270
445,2,389,270
445,3,348,317
445,4,330,357
446,1,308,270
446,2,389,270
446,3,348,317
446,4,330,357
447,1,308,270
447,2,389,270
447,3,348,317
447,4,330,357
448,1,308,270
448,2,392,269
448,3,350,319
448,4,330,357
449,1,308,270
449,2,392,269
449,3,349,318
449,4,330,357
450,1,308,270
450,2,392,269
450,3,349,317
450,4,330,357
451,1,308,270
451,2,392,271
451,3,348,319
451,4,330,357
452,1,308,270
452,2,392,271
452,3,348,319
452,4,330,357
453,1,308,270
453,2,392,271
453,3,348,319
453,4,330,357
454,1,308,270
454,2,392,271
454,3,348,319
454,4,330,357
455,1,308,270
455,2,392,271
455,3,348,319
455,4,330,357
456,1,308,270
456,2,392,271
456,3,348,319
456,4,330,357
457,1,308,270
457,2,392,271
457,3,348,319
457,4,330,357
458,1,308,270
458,2,392,271
458,3,348,319
458,4,330,357
459,1,308,269
459,2,393,268
459,3,347,318
459,4,330,357
460,1,309,268
460,2,394,268
460,3,349,314
460,4,330,357
461,1,309,268
461,2,393,269
461,3,351,315
461,4,330,357
462,1,308,268
462,2,392,269
462,3,350,316
462,4,330,357
463,1,308,269
463,2,392,270
463,3,350,317
463,4,330,357
464,1,308,269
464,2,392,270
464,3,350,317
464,4,330,357
465,1,308,269
465,2,392,270
465,3,348,320
465,4,329,354
466,1,308,269
466,2,392,270
466,3,348,320
466,4,329,349
467,1,308,270
467,2,392,271
467,3,348,318
467,4,328,348
468,1,308,270
468,2,391,271
468,3,346,318
468,4,326,347
469,1,308,270
469,2,391,271
469,3,347,317
469,4,328,347
470,1,308,270
470,2,391,271
470,3,349,318
470,4,328,349
471,1,308,270
471,2,391,271
471,3,348,319
471,4,327,348
472,1,308,270
472,2,391,271
472,3,348,319
472,4,329,349
473,1,308,270
473,2,391,271
473,3,348,319
473,4,328,348
474,1,308,270
474,2,391,271
474,3,348,319
474,4,326,348
475,1,308,270
475,2,391,271
475,3,348,319
475,4,326,346
476,1,308,270
476,2,391,271
476,3,348,319
476,4,325,348
477,1,308,270
477,2,391,271
477,3,347,319
477,4,327,348
478,1,308,270
478,2,391,271
478,3,348,318
478,4,327,346
479,1,307,270
479,2,390,271
479,3,348,318
479,4,327,348
480,1,307,270
480,2,390,271
480,3,348,318
480,4,326,347
481,1,307,270
481,2,390,271
481,3,348,318
481,4,326,347
482,1,307,270
482,2,390,271
482,3,348,318
482,4,326,349
483,1,307,270
483,2,390,271
483,3,347,317
483,4,326,347
484,1,308,270
484,2,390,271
484,3,348,318
484,4,326,347
485,1,308,270
485,2,390,271
485,3,348,318
485,4,326,349
486,1,308,270
486,2,390,271
486,3,348,318
486,4,325,348
487,1,308,270
487,2,390,271
487,3,348,318
487,4,327,346
488,1,308,270
488,2,390,271
488,3,348,318
488,4,327,348
489,1,308,270
489,2,390,271
489,3,348,318
489,4,325,346
490,1,308,270
490,2,390,271
490,3,348,318
490,4,326,348
491,1,309,270
491,2,390,271
491,3,348,318
491,4,326,347
492,1,309,270
492,2,390,271
492,3,348,318
492,4,327,349
493,1,309,270
493,2,390,271
493,3,348,318
493,4,327,348
494,1,309,270
494,2,389,272
494,3,347,317
494,4,328,347
495,1,309,270
495,2,389,272
495,3,348,318
495,4,327,347
496,1,309,270
496,2,389,272
496,3,348,318
496,4,327,349
497,1,309,270
497,2,389,272
497,3,347,318
497,4,326,349
498,1,309,270
498,2,389,272
498,3,349,318
498,4,326,349
499,1,309,270
499,2,389,272
499,3,347,318
499,4,327,347
500,1,309,270
500,2,389,272
500,3,348,318
500,4,329,350
501,1,309,270
501,2,389,272
501,3,348,318
501,4,330,349
502,1,309,270
502,2,389,272
502,3,348,318
502,4,327,349
503,1,309,270
503,2,389,272
503,3,348,318
503,4,329,357
504,1,309,270
504,2,391,270
504,3,349,318
504,4,333,359
505,1,309,270
505,2,391,270
505,3,349,318
505,4,333,359
506,1,309,270
506,2,391,270
506,3,349,317
506,4,333,359
507,1,309,270
507,2,391,270
507,3,349,317
507,4,333,359
508,1,309,270
508,2,391,270
508,3,349,317
508,4,333,359
509,1,309,270
509,2,391,270
509,3,349,317
509,4,333,359
510,1,309,270
510,2,390,269
510,3,349,317
510,4,333,359
511,1,309,270
511,2,389,269
511,3,349,317
511,4,333,359
512,1,309,270
512,2,389,269
512,3,349,317
512,4,333,359
513,1,309,270
513,2,389,269
513,3,348,317
513,4,333,359
514,1,309,270
514,2,389,269
514,3,347,318
514,4,333,359
515,1,309,270
515,2,389,269
515,3,347,318
515,4,333,359
516,1,309,270
516,2,389,269
516,3,346,318
516,4,333,359
517,1,309,270
517,2,389,271
517,3,347,318
517,4,333,359
518,1,309,270
518,2,389,271
518,3,347,318
518,4,333,359
519,1,309,270
519,2,389,271
519,3,347,318
519,4,333,359
520,1,309,270
520,2,389,271
520,3,347,316
520,4,333,359
521,1,309,270
521,2,389,271
521,3,347,317
521,4,333,359
522,1,309,270
522,2,388,270
522,3,347,317
522,4,333,359
523,1,309,270
523,2,391,271
523,3,348,321
523,4,333,359
524,1,309,270
524,2,391,271
524,3,348,321
524,4,333,359
525,1,309,270
525,2,391,271
525,3,347,318
525,4,333,359
526,1,309,270
526,2,391,271
526,3,348,318
526,4,333,359
527,1,309,270
527,2,391,271
527,3,348,318
527,4,333,359
528,1,309,270
528,2,391,271
528,3,348,317
528,4,333,359
529,1,309,270
529,2,391,271
529,3,348,317
529,4,333,359
530,1,309,270
530,2,391,271
530,3,348,317
530,4,333,359
531,1,309,270
531,2,391,271
531,3,348,317
531,4,333,359
532,1,309,270
532,2,391,271
532,3,348,317
532,4,333,359
533,1,309,270
533,2,391,271
533,3,348,317
533,4,333,359
534,1,309,270
534,2,391,271
534,3,349,318
534,4,333,359
535,1,309,270
535,2,391,271
535,3,348,317
535,4,333,359
536,1,309,270
536,2,391,271
536,3,348,319
536,4,333,359
537,1,309,270
537,2,391,271
537,3,348,319
537,4,333,359
538,1,309,270
538,2,391,271
538,3,349,318
538,4,333,359
539,1,309,270
539,2,392,272
539,3,349,319
539,4,333,359
540,1,308,269
540,2,390,269
540,3,349,318
540,4,326,355
541,1,307,269
541,2,390,269
541,3,348,318
541,4,328,355
542,1,307,270
542,2,390,270
542,3,348,319
542,4,329,353
543,1,305,270
543,2,389,271
543,3,347,321
543,4,327,349
544,1,305,271
544,2,388,272
544,3,347,320
544,4,325,349
545,1,304,271
545,2,387,272
545,3,347,320
545,4,325,347
546,1,304,270
546,2,386,271
546,3,344,318
546,4,324,345
547,1,304,267
547,2,387,262
547,3,344,314
547,4,325,345
548,1,304,264
548,2,386,264
548,3,342,311
548,4,325,341
549,1,303,261
549,2,380,255
549,3,340,307
549,4,322,339
550,1,305,256
550,2,385,250
550,3,344,300
550,4,325,335
551,1,312,252
551,2,392,246
551,3,352,295
551,4,329,332
552,1,318,252
552,2,399,250
552,3,361,297
552,4,336,330
553,1,322,256
553,2,406,253
553,3,366,302
553,4,341,335
554,1,325,258
554,2,410,258
554,3,367,303
554,4,346,338
555,1,327,258
555,2,412,258
555,3,369,306
555,4,348,340
556,1,328,258
556,2,413,258
556,3,370,305
556,4,349,338
557,1,327,258
557,2,412,258
557,3,369,305
557,4,348,340
558,1,326,259
558,2,411,260
558,3,369,307
558,4,347,340
559,1,325,259
559,2,412,257
559,3,370,309
559,4,345,339
560,1,325,259
560,2,412,257
560,3,370,307
560,4,345,339
561,1,325,259
561,2,412,260
561,3,368,310
561,4,347,337
562,1,325,259
562,2,413,259
562,3,369,310
562,4,349,337