0,1,0,0
0,2,0,0
0,3,0,0
0,4,4049,0
1,1,354,225
1,2,435,231
1,3,394,274
1,4,366,309
2,1,354,225
2,2,433,233
2,3,393,277
2,4,366,309
3,1,354,225
3,2,435,232
3,3,393,277
3,4,368,305
4,1,354,225
4,2,435,232
4,3,393,277
4,4,368,305
5,1,375,223
5,2,434,231
5,3,393,277
5,4,374,270
6,1,375,223
6,2,434,231
6,3,393,277
6,4,374,270
7,1,375,223
7,2,434,231
7,3,393,277
7,4,374,270
8,1,375,223
8,2,434,231
8,3,393,277
8,4,374,270
9,1,375,223
9,2,434,231
9,3,393,277
9,4,374,270
10,1,375,223
10,2,434,231
10,3,393,277
10,4,374,270
11,1,375,223
11,2,434,231
11,3,393,277
11,4,374,270
12,1,375,223
12,2,434,231
12,3,393,277
12,4,374,270
13,1,375,223
13,2,434,231
13,3,393,277
13,4,374,270
14,1,375,223
14,2,434,231
14,3,393,277
14,4,374,270
15,1,375,223
15,2,434,231
15,3,393,277
15,4,374,270
16,1,375,223
16,2,434,231
16,3,393,277
16,4,374,270
17,1,375,223
17,2,434,231
17,3,393,277
17,4,374,270
18,1,375,223
18,2,434,231
18,3,393,277
18,4,374,270
19,1,375,223
19,2,434,231
19,3,393,277
19,4,374,270
20,1,375,223
20,2,434,231
20,3,393,277
20,4,374,270
21,1,375,223
21,2,434,231
21,3,393,277
21,4,374,270
22,1,375,223
22,2,434,231
22,3,393,277
22,4,374,270
23,1,357,226
23,2,434,232
23,3,394,272
23,4,368,310
24,1,356,226
24,2,433,232
24,3,392,277
24,4,367,309
25,1,353,227
25,2,431,232
25,3,390,278
25,4,366,308
26,1,347,228
26,2,420,232
26,3,380,279
26,4,361,310
27,1,340,229
27,2,417,228
27,3,375,278
27,4,356,308
28,1,340,228
28,2,413,230
28,3,376,279
28,4,355,308
29,1,345,227
29,2,418,230
29,3,376,279
29,4,358,306
30,1,354,226
30,2,427,230
30,3,376,279
30,4,364,305
31,1,367,227
31,2,440,232
31,3,376,279
31,4,374,306
32,1,376,227
32,2,453,233
32,3,376,279
32,4,387,309
33,1,381,227
33,2,460,233
33,3,376,279
33,4,394,312
34,1,382,230
34,2,462,234
34,3,376,279
34,4,392,315
35,1,383,235
35,2,464,239
35,3,376,279
35,4,398,320
36,1,393,241
36,2,467,243
36,3,376,279
36,4,404,328
37,1,391,246
37,2,465,249
37,3,376,279
37,4,405,331
38,1,387,245
38,2,466,249
38,3,376,279
38,4,401,332
39,1,383,243
39,2,461,247
39,3,376,279
39,4,395,328
40,1,378,242
40,2,456,246
40,3,376,279
40,4,393,326
41,1,375,241
41,2,451,245
41,3,376,279
41,4,390,323
42,1,372,240
42,2,449,245
42,3,376,279
42,4,388,324
43,1,370,240
43,2,448,245
43,3,376,279
43,4,385,324
44,1,371,240
44,2,448,245
44,3,376,279
44,4,385,323
45,1,372,240
45,2,451,245
45,3,376,279
45,4,386,323
46,1,373,240
46,2,451,246
46,3,376,279
46,4,384,321
47,1,374,239
47,2,452,246
47,3,376,279
47,4,387,321
48,1,374,238
48,2,452,245
48,3,376,279
48,4,388,320
49,1,374,238
49,2,451,244
49,3,376,279
49,4,386,319
50,1,374,239
50,2,451,245
50,3,376,279
50,4,386,321
51,1,374,240
51,2,450,246
51,3,376,279
51,4,388,320
52,1,375,240
52,2,450,247
52,3,376,279
52,4,387,320
53,1,375,240
53,2,450,247
53,3,376,279
53,4,387,319
54,1,375,240
54,2,450,247
54,3,376,279
54,4,387,320
55,1,375,240
55,2,450,247
55,3,376,279
55,4,387,319
56,1,375,240
56,2,450,247
56,3,376,279
56,4,387,320
57,1,372,239
57,2,450,247
57,3,376,279
57,4,387,319
58,1,372,239
58,2,449,245
58,3,376,279
58,4,386,319
59,1,372,239
59,2,448,245
59,3,376,279
59,4,386,320
60,1,372,239
60,2,448,244
60,3,376,279
60,4,386,321
61,1,370,240
61,2,448,246
61,3,376,279
61,4,386,322
62,1,369,240
62,2,447,246
62,3,376,279
62,4,385,321
63,1,370,240
63,2,448,246
63,3,376,279
63,4,388,323
64,1,370,240
64,2,448,246
64,3,376,279
64,4,386,322
65,1,370,240
65,2,448,246
65,3,376,279
65,4,385,321
66,1,370,240
66,2,451,246
66,3,376,279
66,4,388,322
67,1,370,240
67,2,451,246
67,3,376,279
67,4,383,321
68,1,370,240
68,2,451,246
68,3,376,279
68,4,385,322
69,1,370,240
69,2,451,246
69,3,376,279
69,4,386,321
70,1,370,240
70,2,451,246
70,3,376,279
70,4,384,322
71,1,370,240
71,2,451,246
71,3,376,279
71,4,383,321
72,1,370,240
72,2,451,246
72,3,376,279
72,4,385,322
73,1,369,240
73,2,448,247
73,3,376,279
73,4,386,322
74,1,369,240
74,2,448,247
74,3,376,279
74,4,384,320
75,1,369,240
75,2,448,247
75,3,376,279
75,4,384,322
76,1,369,240
76,2,448,247
76,3,376,279
76,4,384,322
77,1,369,244
77,2,450,251
77,3,376,279
77,4,384,322
78,1,370,244
78,2,450,251
78,3,376,279
78,4,384,322
79,1,371,244
79,2,451,251
79,3,376,279
79,4,384,322
80,1,374,244
80,2,453,251
80,3,376,279
80,4,387,321
81,1,376,244
81,2,456,252
81,3,376,279
81,4,388,320
82,1,372,242
82,2,452,247
82,3,376,279
82,4,387,321
83,1,368,243
83,2,450,248
83,3,376,279
83,4,387,322
84,1,366,244
84,2,449,249
84,3,376,279
84,4,385,321
85,1,367,245
85,2,450,250
85,3,376,279
85,4,384,324
86,1,367,245
86,2,451,251
86,3,376,279
86,4,384,323
87,1,366,245
87,2,449,251
87,3,376,279
87,4,382,325
88,1,364,245
88,2,447,251
88,3,376,279
88,4,383,325
89,1,364,245
89,2,447,251
89,3,376,279
89,4,384,326
90,1,365,245
90,2,448,251
90,3,376,279
90,4,382,324
91,1,366,245
91,2,448,250
91,3,376,279
91,4,383,324
92,1,366,245
92,2,448,250
92,3,376,279
92,4,385,324
93,1,366,245
93,2,449,249
93,3,376,279
93,4,385,324
94,1,366,245
94,2,450,249
94,3,376,279
94,4,384,323
95,1,366,245
95,2,450,249
95,3,376,279
95,4,383,325
96,1,366,245
96,2,450,249
96,3,376,279
96,4,385,325
97,1,366,245
97,2,450,249
97,3,376,279
97,4,384,325
98,1,365,245
98,2,449,248
98,3,408,291
98,4,384,325
99,1,365,245
99,2,449,248
99,3,407,294
99,4,385,327
100,1,364,245
100,2,449,248
100,3,409,296
100,4,385,327
101,1,363,245
101,2,448,248
101,3,407,296
101,4,383,325
102,1,360,246
102,2,445,250
102,3,403,297
102,4,379,325
103,1,349,247
103,2,438,247
103,3,392,298
103,4,370,328
104,1,342,248
104,2,430,248
104,3,385,301
104,4,361,328
105,1,338,249
105,2,427,249
105,3,380,304
105,4,361,328
106,1,339,250
106,2,428,250
106,3,379,305
106,4,357,333
107,1,344,250
107,2,438,250
107,3,379,305
107,4,369,333
108,1,351,251
108,2,444,250
108,3,397,303
108,4,377,335
109,1,354,251
109,2,446,250
109,3,400,303
109,4,378,332
110,1,356,251
110,2,447,250
110,3,401,303
110,4,379,331
111,1,356,251
111,2,447,250
111,3,402,303
111,4,379,333
112,1,356,251
112,2,449,251
112,3,401,304
112,4,379,333
113,1,356,251
113,2,449,251
113,3,402,303
113,4,378,333
114,1,356,251
114,2,448,251
114,3,401,304
114,4,377,333
115,1,356,251
115,2,447,251
115,3,400,303
115,4,376,331
116,1,355,251
116,2,445,251
116,3,399,304
116,4,376,333
117,1,355,251
117,2,445,251
117,3,398,303
117,4,376,333
118,1,355,251
118,2,445,251
118,3,399,304
118,4,375,333
119,1,355,251
119,2,445,251
119,3,396,305
119,4,376,333
120,1,356,251
120,2,445,251
120,3,397,304
120,4,375,333
121,1,356,251
121,2,445,251
121,3,398,303
121,4,376,333
122,1,356,251
122,2,445,251
122,3,397,302
122,4,374,333
123,1,356,251
123,2,445,251
123,3,400,303
123,4,376,331
124,1,356,251
124,2,445,251
124,3,397,304
124,4,376,333
125,1,356,251
125,2,445,251
125,3,400,303
125,4,375,333
126,1,356,251
126,2,445,251
126,3,399,302
126,4,376,333
127,1,356,251
127,2,445,251
127,3,400,301
127,4,375,333
128,1,356,251
128,2,445,251
128,3,399,304
128,4,376,333
129,1,356,251
129,2,445,251
129,3,396,303
129,4,375,333
130,1,356,251
130,2,445,251
130,3,399,304
130,4,376,333
131,1,356,251
131,2,445,251
131,3,398,305
131,4,375,333
132,1,356,251
132,2,445,251
132,3,397,306
132,4,376,333
133,1,355,251
133,2,445,251
133,3,398,301
133,4,375,333
134,1,355,251
134,2,445,251
134,3,399,302
134,4,376,331
135,1,355,251
135,2,445,251
135,3,400,303
135,4,376,333
136,1,356,250
136,2,446,251
136,3,401,302
136,4,377,331
137,1,357,250
137,2,447,251
137,3,401,303
137,4,377,332
138,1,358,250
138,2,449,251
138,3,401,301
138,4,379,331
139,1,359,250
139,2,450,251
139,3,403,302
139,4,381,330
140,1,359,250
140,2,452,248
140,3,405,303
140,4,380,331
141,1,358,250
141,2,451,249
141,3,405,302
141,4,378,331
142,1,359,250
142,2,452,253
142,3,404,303
142,4,378,330
143,1,358,249
143,2,446,253
143,3,401,301
143,4,380,330
144,1,359,249
144,2,447,253
144,3,401,302
144,4,379,329
145,1,360,248
145,2,449,252
145,3,401,302
145,4,382,330
146,1,361,246
146,2,450,250
146,3,409,297
146,4,385,327
147,1,360,246
147,2,449,249
147,3,405,298
147,4,384,326
148,1,359,246
148,2,449,250
148,3,405,298
148,4,382,325
149,1,358,246
149,2,448,250
149,3,403,297
149,4,381,326
150,1,357,246
150,2,448,250
150,3,401,299
150,4,382,327
151,1,357,246
151,2,448,250
151,3,401,299
151,4,381,328
152,1,357,246
152,2,448,250
152,3,403,299
152,4,382,327
153,1,357,246
153,2,448,250
153,3,403,299
153,4,383,328
154,1,357,246
154,2,448,250
154,3,403,299
154,4,383,327
155,1,357,246
155,2,448,250
155,3,403,299
155,4,384,328
156,1,358,246
156,2,448,250
156,3,403,299
156,4,381,327
157,1,358,246
157,2,448,249
157,3,403,299
157,4,382,326
158,1,358,246
158,2,448,249
158,3,403,299
158,4,381,327
159,1,357,246
159,2,447,249
159,3,403,300
159,4,382,328
160,1,357,246
160,2,447,249
160,3,402,297
160,4,381,327
161,1,357,246
161,2,447,249
161,3,403,300
161,4,383,328
162,1,354,246
162,2,442,248
162,3,402,299
162,4,380,328
163,1,350,246
163,2,437,248
163,3,393,299
163,4,372,327
164,1,350,246
164,2,437,248
164,3,396,298
164,4,371,331
165,1,352,247
165,2,438,249
165,3,395,299
165,4,373,331
166,1,353,248
166,2,441,249
166,3,398,300
166,4,376,331
167,1,354,248
167,2,441,249
167,3,400,299
167,4,373,330
168,1,354,248
168,2,441,249
168,3,398,299
168,4,377,330
169,1,354,248
169,2,443,250
169,3,398,300
169,4,377,330
170,1,355,248
170,2,443,250
170,3,398,300
170,4,377,330
171,1,355,248
171,2,444,250
171,3,398,300
171,4,378,328
172,1,355,248
172,2,444,250
172,3,398,300
172,4,376,329
173,1,353,248
173,2,441,249
173,3,398,300
173,4,375,328
174,1,350,248
174,2,438,249
174,3,398,300
174,4,369,329
175,1,350,248
175,2,439,249
175,3,398,300
175,4,371,330
176,1,352,248
176,2,440,249
176,3,398,300
176,4,372,329
177,1,353,248
177,2,441,249
177,3,398,300
177,4,372,330
178,1,353,248
178,2,441,249
178,3,398,300
178,4,373,329
179,1,353,248
179,2,441,249
179,3,398,300
179,4,374,328
180,1,353,248
180,2,441,249
180,3,398,300
180,4,373,327
181,1,354,248
181,2,444,250
181,3,398,300
181,4,374,330
182,1,356,247
182,2,446,249
182,3,399,300
182,4,377,328
183,1,357,246
183,2,448,248
183,3,400,295
183,4,379,328
184,1,359,245
184,2,450,248
184,3,401,297
184,4,380,324
185,1,358,245
185,2,450,249
185,3,404,296
185,4,378,326
186,1,355,246
186,2,447,249
186,3,398,294
186,4,376,324
187,1,357,247
187,2,449,250
187,3,398,294
187,4,381,329
188,1,360,246
188,2,454,248
188,3,398,294
188,4,381,329
189,1,362,244
189,2,456,246
189,3,398,294
189,4,386,327
190,1,363,243
190,2,457,245
190,3,398,294
190,4,387,325
191,1,364,243
191,2,458,245
191,3,412,291
191,4,390,325
192,1,364,243
192,2,453,244
192,3,412,291
192,4,389,325
193,1,364,243
193,2,453,244
193,3,412,291
193,4,390,325
194,1,364,243
194,2,453,247
194,3,412,291
194,4,387,324
195,1,364,243
195,2,453,247
195,3,412,291
195,4,389,323
196,1,364,243
196,2,453,247
196,3,412,291
196,4,387,326
197,1,364,243
197,2,454,247
197,3,412,291
197,4,389,325
198,1,364,243
198,2,456,245
198,3,412,291
198,4,389,327
199,1,364,243
199,2,456,245
199,3,412,291
199,4,389,327
200,1,364,243
200,2,456,245
200,3,412,291
200,4,389,327
201,1,364,243
201,2,456,245
201,3,409,291
201,4,389,327
202,1,364,243
202,2,456,245
202,3,409,291
202,4,391,325
203,1,365,243
203,2,457,242
203,3,409,291
203,4,392,325
204,1,365,243
204,2,457,242
204,3,409,291
204,4,392,324
205,1,366,243
205,2,457,242
205,3,409,291
205,4,391,323
206,1,368,244
206,2,457,243
206,3,413,292
206,4,392,324
207,1,365,243
207,2,457,242
207,3,414,290
207,4,391,324
208,1,365,243
208,2,457,242
208,3,414,290
208,4,390,323
209,1,365,243
209,2,457,242
209,3,414,290
209,4,391,324