0,1,103,3
1,1,103,4
2,1,111,4
3,1,112,4
4,1,117,3
5,1,115,2
6,1,96,-2
7,1,95,-1
8,1,95,-1
9,1,95,-1
10,1,95,-1
11,1,95,-1
12,1,95,-1
13,1,95,-1
14,1,95,-1
15,1,95,-1
16,1,95,-1
17,1,95,-1
18,1,95,-1
19,1,95,-1
20,1,98,1
21,1,98,1
22,1,98,1
23,1,98,1
24,1,98,1
25,1,98,1
26,1,97,1
27,1,98,1
28,1,99,1
29,1,100,1
30,1,99,1
31,1,100,1
32,1,100,1
33,1,101,1
34,1,101,1
35,1,101,1
36,1,101,1
37,1,100,1
38,1,100,1
39,1,100,1
40,1,100,1
41,1,100,1
42,1,99,2
43,1,99,4
44,1,98,3
45,1,97,3
46,1,100,4
47,1,100,4
48,1,100,4
49,1,100,4
50,1,100,4
51,1,100,4
52,1,100,4
53,1,100,4
54,1,100,4
55,1,1,1
56,1,100,3
57,1,100,3
58,1,100,3
59,1,99,3
60,1,99,3
61,1,99,3
62,1,99,3
63,1,98,3
64,1,97,3
65,1,97,3
66,1,97,3
67,1,97,3
68,1,97,4
69,1,98,4
70,1,100,7
71,1,100,7
72,1,100,7
73,1,101,7
74,1,101,7
75,1,101,7
76,1,101,7
77,1,102,11
78,1,102,11
79,1,102,11
80,1,104,10
81,1,103,10
82,1,103,10
83,1,103,10
84,1,103,10
85,1,103,10
86,1,103,10
87,1,103,10
88,1,103,10
89,1,103,10
90,1,103,10
91,1,103,10
92,1,103,10
93,1,103,10
94,1,103,10
95,1,96,-1
96,1,95,1
97,1,97,1
98,1,97,1
99,1,97,1
100,1,97,1
101,1,97,1
102,1,97,1
103,1,97,1
104,1,97,1
105,1,97,1
106,1,97,1
107,1,97,1
108,1,97,1
109,1,97,1
110,1,97,1
111,1,97,1
112,1,97,1
113,1,96,4
114,1,96,4
115,1,96,4
116,1,98,10
117,1,98,10
118,1,98,10
119,1,98,10
120,1,98,10
121,1,98,10
122,1,98,10
123,1,98,10
124,1,98,10
125,1,98,10
126,1,98,10
127,1,98,10
128,1,97,10
129,1,97,10
130,1,97,10
131,1,97,10
132,1,97,10
133,1,97,10
134,1,97,10
135,1,97,10
136,1,97,10
137,1,97,10
138,1,97,10
139,1,97,10
140,1,97,10
141,1,97,10
142,1,97,10
143,1,97,10
144,1,98,10
145,1,98,10
146,1,98,10
147,1,98,10
148,1,97,10
149,1,97,10
150,1,97,10
151,1,97,10
152,1,97,10
153,1,97,10
154,1,97,10
155,1,95,7
156,1,97,1
157,1,97,1
158,1,97,1
159,1,97,1
160,1,97,1
161,1,97,1
162,1,97,1
163,1,97,1
164,1,102,0
165,1,102,0
166,1,101,2
167,1,99,1
168,1,99,1
169,1,99,1
170,1,98,1
171,1,98,1
172,1,99,1
173,1,100,0
174,1,100,0
175,1,100,0
176,1,98,3
177,1,98,3
178,1,97,3
179,1,97,3
180,1,98,4
181,1,96,3
182,1,96,3
183,1,98,8
184,1,100,8
185,1,101,8
186,1,101,8
187,1,101,8
188,1,102,8
189,1,104,8
190,1,103,8
191,1,102,7
192,1,103,7
193,1,102,7
194,1,101,7
195,1,101,7
196,1,98,5
197,1,98,5
198,1,98,5
199,1,97,4
200,1,100,3
201,1,101,3
202,1,101,4
203,1,100,4
204,1,100,4
205,1,100,4
206,1,102,4
207,1,102,4
208,1,102,4
209,1,102,4
210,1,101,8
211,1,101,8
212,1,101,8
213,1,101,8
214,1,100,8
215,1,100,8
216,1,99,8
217,1,100,8
218,1,98,7
219,1,98,7
220,1,99,7
221,1,99,7
222,1,99,7
223,1,99,7
224,1,103,7
225,1,104,7
226,1,105,7
227,1,106,7
228,1,107,7
229,1,107,7
230,1,108,7
231,1,108,7
232,1,107,7
233,1,105,6
234,1,104,6
235,1,104,6
236,1,104,6
237,1,104,6
238,1,107,6
239,1,105,7
240,1,106,8
241,1,109,9
242,1,108,6
243,1,110,6
244,1,108,6
245,1,109,6
246,1,107,7
247,1,107,7
248,1,112,7
249,1,115,7
250,1,111,10
251,1,110,10
252,1,107,10
253,1,109,8
254,1,108,8
255,1,108,8
256,1,107,8
257,1,108,6
258,1,108,6
259,1,107,8
260,1,107,8
261,1,108,8
262,1,108,9
263,1,105,7
264,1,105,7
265,1,105,7
266,1,106,7
267,1,106,7
268,1,107,7
269,1,107,7
270,1,108,7
271,1,109,7
272,1,109,7
273,1,109,7
274,1,109,7
275,1,114,6
276,1,108,9
277,1,109,9
278,1,109,9
279,1,109,9
280,1,110,8
281,1,107,7
282,1,107,7
283,1,111,6
284,1,110,3
285,1,111,3
286,1,112,6
287,1,109,8
288,1,109,8
289,1,109,8
290,1,113,7
291,1,112,7
292,1,112,7
293,1,112,7
294,1,112,7
295,1,112,7
296,1,112,8
297,1,111,7
298,1,111,7
299,1,111,7
300,1,108,6
301,1,105,3
302,1,106,3
303,1,107,3
304,1,108,3
305,1,108,3
306,1,108,3
307,1,107,3
308,1,109,4
309,1,108,4
310,1,106,4
311,1,106,4
312,1,106,4
313,1,112,5
314,1,111,9
315,1,109,9
316,1,111,8
317,1,111,8
318,1,110,8
319,1,108,5
320,1,111,5
321,1,110,9
322,1,103,9
323,1,103,9
324,1,103,9
325,1,103,9
326,1,102,8
327,1,103,8
328,1,103,8
329,1,103,8
330,1,104,8
331,1,104,8
332,1,102,8
333,1,102,8
334,1,102,8
335,1,101,8
336,1,102,8
337,1,103,8
338,1,103,8
339,1,103,8
340,1,103,8
341,1,103,8
342,1,104,8
343,1,104,8
344,1,105,8
345,1,105,8
346,1,105,8
347,1,105,8
348,1,105,8
349,1,105,8
350,1,103,7
351,1,103,7
352,1,101,7
353,1,100,7
354,1,99,2
355,1,95,3
356,1,95,3
357,1,95,3
358,1,97,3
359,1,98,4
360,1,99,4
361,1,99,4
362,1,99,3
363,1,99,3
364,1,100,4
365,1,101,4
366,1,101,4
367,1,101,4
368,1,97,0
369,1,97,0
370,1,97,-1
371,1,96,-1
372,1,97,-1
373,1,98,-1
374,1,98,-1
375,1,98,-1
376,1,98,-1
377,1,98,-1
378,1,97,-2
379,1,97,-2
380,1,97,-2
381,1,97,-2
382,1,99,3
383,1,101,3
384,1,102,3
385,1,103,3
386,1,102,3
387,1,101,6
388,1,101,6
389,1,102,6
390,1,101,6
391,1,101,6
392,1,101,6
393,1,102,6
394,1,102,6
395,1,103,6
396,1,103,6
397,1,103,6
398,1,103,6
399,1,103,6
400,1,104,6
401,1,103,6
402,1,101,6
403,1,102,8
404,1,103,8
405,1,103,8
406,1,103,8
407,1,103,8
408,1,103,8
409,1,102,8
410,1,102,8
411,1,102,8
412,1,102,8
413,1,102,8
414,1,102,8
415,1,102,8
416,1,102,8
417,1,102,8
418,1,103,8
419,1,106,8
420,1,107,8
421,1,107,8
422,1,107,8
423,1,106,8
424,1,107,8
425,1,107,8
426,1,108,8
427,1,108,8
428,1,107,8
429,1,108,9
430,1,109,9
431,1,109,9
432,1,109,9
433,1,107,9
434,1,110,9
435,1,110,9
436,1,110,9
437,1,109,10
438,1,109,10
439,1,109,10
440,1,109,10
441,1,112,6
442,1,111,6
443,1,108,10
444,1,106,7
445,1,105,7
446,1,105,7
447,1,105,7
448,1,104,7
449,1,103,7
450,1,101,7
451,1,101,7
452,1,102,7
453,1,101,7
454,1,102,7
455,1,102,7
456,1,104,8
457,1,105,8
458,1,107,8
459,1,108,7
460,1,109,7
461,1,109,9
462,1,105,39
463,1,103,39
464,1,102,39
465,1,102,39
466,1,102,39
467,1,103,39
468,1,103,39
469,1,103,39
470,1,103,39
471,1,103,39
472,1,103,39
473,1,103,39
474,1,103,39
475,1,106,40
476,1,104,40
477,1,104,40
478,1,95,-4
479,1,91,-8
480,1,94,-9
481,1,94,-7
482,1,94,-6
483,1,93,-4
484,1,91,-6
485,1,91,-6
486,1,91,-6
487,1,91,-6
488,1,91,-6
489,1,91,-6
490,1,91,-6
491,1,91,-6
492,1,91,-6
493,1,96,-2
494,1,96,-4
495,1,99,-1
496,1,96,-1
497,1,94,-2
498,1,93,-2
499,1,93,-2
500,1,93,-2
501,1,93,-2
502,1,93,-2
503,1,88,-2
504,1,89,-2
505,1,89,-1
506,1,91,-1
507,1,91,-1
508,1,91,-1
509,1,91,-2
510,1,90,-2
511,1,90,-2
512,1,90,-2
513,1,90,-2
514,1,90,-2
515,1,92,-2
516,1,91,-1
517,1,93,0
518,1,93,0
519,1,93,0
520,1,92,-1
521,1,92,-1
522,1,92,-1
523,1,92,-1
524,1,92,-1
525,1,92,-1
526,1,92,-1
527,1,92,-1
528,1,92,-1
529,1,94,0
530,1,89,-1
531,1,89,-1
532,1,89,-1
533,1,89,-1
534,1,89,-1
535,1,89,-1
536,1,89,-1
537,1,86,-1
538,1,86,-1
539,1,86,-1
540,1,92,1
541,1,92,1
542,1,93,2
543,1,93,-2
544,1,94,-2
545,1,96,0
546,1,99,0
547,1,99,0
548,1,99,0
549,1,97,0
550,1,96,0
551,1,96,0
552,1,96,0
553,1,96,0
554,1,96,0
555,1,95,0
556,1,95,0
557,1,95,0
558,1,95,0
559,1,95,0
560,1,97,0
561,1,97,1
562,1,98,1
563,1,99,-1
564,1,95,1
565,1,95,1
566,1,94,1
567,1,113,2
568,1,118,5
569,1,119,7
570,1,119,7
571,1,119,7
572,1,119,7
573,1,119,7
574,1,121,7
575,1,94,-3
576,1,93,-3
577,1,89,-5
578,1,89,-5
579,1,89,-5
580,1,89,-5
581,1,92,2
582,1,93,-1
583,1,94,1
584,1,92,0
585,1,92,0
586,1,93,-2
587,1,93,-2
588,1,92,0
589,1,94,0
590,1,94,0
591,1,94,0
592,1,93,0
593,1,93,1
594,1,93,-1
595,1,94,0
596,1,94,0
597,1,93,-1
598,1,94,-1
599,1,94,-1
600,1,94,-1
601,1,94,-1
602,1,94,-2
603,1,94,-2
604,1,94,-2
605,1,94,-5
606,1,97,-5
607,1,97,-5
608,1,95,-4
609,1,96,-2
610,1,96,-2
611,1,95,-2
612,1,95,-2
613,1,93,-3
614,1,93,-3
615,1,93,-3
616,1,92,-2
617,1,92,-2
618,1,92,-2
619,1,92,-2
620,1,92,-2
621,1,92,-2
622,1,93,-2
623,1,94,-2
624,1,94,-2
625,1,94,-2
626,1,94,-2
627,1,94,-2
628,1,93,-2
629,1,93,-2
630,1,93,-2
631,1,93,-2
632,1,92,-3
633,1,92,-4
634,1,93,-6
635,1,92,-1
636,1,92,-1
637,1,92,-4
638,1,91,-4
639,1,91,-4
640,1,91,-4
641,1,90,-4
642,1,89,-4
643,1,90,-4
644,1,91,-4
645,1,91,-4
646,1,91,-4
647,1,91,-4
648,1,91,-4
649,1,91,-4
650,1,91,-4
651,1,90,-4
652,1,90,-4
653,1,90,-3